# timecode format v2
0.000
5.531
11.062
16.594
22.123
27.653
33.183
38.713
44.244
49.774
55.306
60.835
66.366
71.898
77.428
82.958
88.489
94.021
99.550
105.081
110.612
116.142
121.673
127.203
132.734
138.264
143.795
149.325
154.857
160.386
165.917
171.448
176.979
182.511
188.041
193.579
199.101
204.632
210.162
215.693
221.223
226.754
232.284
237.815
243.346
248.879
254.407
259.938
265.472
270.999
276.529
282.061
287.591
293.122
298.652
304.182
309.712
315.244
320.794
326.305
331.835
337.365
342.896
348.427
353.959
359.488
365.019
370.550
376.080
381.611
392.673
398.202
403.733
409.264
414.794
420.325
425.856
431.385
436.919
442.447
448.006
453.508
459.039
464.582
470.101
475.631
481.161
486.692
492.222
497.754
503.284
508.814
519.877
525.407
530.937
536.468
541.998
547.528
553.059
558.589
564.121
569.650
575.200
580.712
586.243
591.773
597.303
602.834
608.367
613.896
619.426
624.958
630.493
636.018
641.549
647.079
652.609
658.140
663.682
669.201
674.732
680.262
685.793
691.323
696.855
702.391
707.915
713.446
718.976
724.506
730.038
735.568
741.098
746.630
752.161
757.690
763.224
768.753
774.281
779.813
785.343
790.874
796.405
801.935
807.465
812.998
818.527
824.057
829.589
835.118
840.648
846.181
851.710
857.243
862.772
868.302
873.833
879.365
884.894
890.424
895.956
901.485
907.016
912.547
918.077
923.608
929.139
934.668
940.203
945.730
951.260
956.793
962.322
967.853
973.383
978.915
984.444
989.976
995.506
1001.036
1006.567
1012.098
1017.628
1023.160
1028.691
1034.220
1039.751
1045.281
1050.813
1056.342
1061.873
1067.403
1072.934
1078.464
1083.995
1089.526
1095.057
1100.586
1106.119
1111.649
1117.178
1122.710
1128.239
1133.771
1139.301
1144.833
1150.362
1155.892
1161.424
1166.954
1172.485
1178.016
1183.545
1194.607
1200.138
1205.668
1211.198
1216.730
1222.261
1227.790
1233.321
1238.852
1244.382
1249.913
1255.443
1260.974
1266.504
1272.035
1277.567
1283.096
1288.629
1294.158
1299.690
1305.218
1310.750
1316.280
1321.810
1327.341
1332.872
1338.402
1343.933
1349.464
1354.994
1360.526
1366.055
1371.585
1377.116
1382.657
1388.177
1393.709
1399.238
1404.769
1410.301
1415.831
1421.361
1426.892
1432.423
1437.953
1443.485
1449.015
1454.544
1460.075
1465.605
1471.136
1476.666
1482.198
1487.728
1493.259
1498.792
1504.319
1509.875
1515.381
1520.912
1531.973
1537.504
1543.034
1548.566
1554.095
1559.625
1565.156
1570.687
1576.218
1581.749
1587.278
1592.809
1598.341
1603.871
1614.935
1620.463
1625.993
1631.525
1637.077
1642.585
1648.115
1653.647
1659.176
1664.707
1670.237
1675.767
1681.299
1686.829
1692.361
1697.890
1708.952
1714.482
1720.013
1725.543
1731.075
1736.604
1742.135
1747.666
1753.196
1758.726
1764.260
1769.789
1775.318
1780.850
1786.380
1791.912
1797.441
1802.973
1808.502
1814.034
1819.564
1825.094
1830.624
1836.156
1841.686
1847.216
1852.747
1858.277
1863.808
1874.871
1880.402
1885.931
1891.461
1896.993
1902.523
1908.053
1913.584
1919.115
1924.645
1930.175
1935.707
1941.237
1946.768
1952.298
1957.828
1963.361
1968.889
1974.421
1979.951
1985.482
1991.013
1996.542
2002.073
2007.604
2013.134
2018.665
2024.197
2029.726
2035.258
2040.787
2046.318
2051.848
2057.379
2062.910
2068.440
2073.970
2079.501
2085.031
2090.562
2096.093
2101.623
2107.155
2112.684
2118.219
2129.279
2134.807
2140.339
2145.870
2151.400
2156.929
2162.461
2167.991
2173.521
2179.053
2184.582
2190.113
2195.644
2201.174
2206.705
2212.236
2217.768
2223.299
2228.829
2234.358
2239.890
2245.419
2250.950
2256.482
2262.010
2267.541
2273.073
2278.602
2284.133
2289.665
2295.194
2300.728
2306.256
2311.786
2317.317
2322.847
2328.378
2333.911
2339.439
2344.969
2350.501
2356.032
2361.561
2367.092
2372.623
2378.153
2383.686
2389.215
2394.745
2400.276
2405.806
2411.336
2416.868
2422.398
2427.928
2433.459
2438.990
2444.521
2450.051
2455.582
2461.112
2466.644
2472.174
2477.704
2483.234
2488.765
2494.295
2499.826
2505.357
2510.887
2516.418
2521.949
2527.479
2533.012
2538.540
2544.071
2549.603
2555.133
2560.663
2566.193
2571.748
2577.254
2582.785
2588.317
2593.846
2599.377
2604.908
2610.438
2615.970
2621.499
2632.563
2638.090
2643.621
2649.153
2654.683
2660.213
2665.744
2671.275
2676.805
2682.336
2687.865
2693.396
2698.945
2704.457
2709.989
2715.519
2721.051
2726.582
2732.110
2737.641
2743.175
2748.702
2754.233
2759.766
2765.294
2770.824
2776.356
2781.885
2787.417
2792.948
2798.478
2804.011
2809.539
2815.070
2820.601
2826.156
2831.662
2837.192
2842.722
2848.253
2892.498
2903.559
2909.089
2920.150
2925.681
2936.742
2942.273
2947.804
2997.579
3008.641
3014.171
3019.701
3030.763
3036.293
3041.825
3047.354
3091.598
3097.130
3108.190
3113.721
3124.782
3130.314
3135.845
3157.967
3202.210
3213.275
3224.335
3229.865
3240.925
3246.455
3257.519
3263.047
3307.295
3312.822
3323.885
3329.414
3340.476
3346.006
3357.067
3362.598
3428.965
3440.028
3451.087
3456.618
3462.148
3467.680
3484.272
3489.801
3500.863
3556.171
3561.699
3572.761
3583.822
3589.353
3594.883
3605.944
3611.475
3666.781
3677.842
3688.903
3694.433
3699.965
3711.026
3722.088
3727.617
3788.453
3793.985
3805.046
3810.576
3816.107
3827.169
3838.229
3843.759
3899.066
3910.126
3921.187
3926.718
3937.779
3943.310
3954.370
3959.901
4026.268
4037.331
4042.861
4048.391
4059.453
4064.983
4076.045
4081.574
4136.881
4147.943
4159.003
4164.533
4175.595
4181.125
4192.187
4197.717
4258.553
4264.085
4269.614
4280.676
4286.206
4297.267
4308.332
4313.860
4374.696
4380.226
4385.757
4402.351
4407.880
4418.940
4424.471
4435.533
4485.308
4490.838
4507.432
4512.960
4524.022
4529.553
4535.083
4546.145
4557.207
4612.511
4623.573
4629.103
4640.166
4645.695
4656.756
4662.286
4667.817
4728.654
4739.715
4745.245
4756.312
4761.837
4767.367
4783.961
4789.490
4850.326
4861.388
4872.449
4877.979
4889.043
4900.103
4905.633
4916.694
4972.000
4977.531
4988.591
4994.123
5005.183
5010.713
5021.776
5027.305
5038.366
5099.203
5110.265
5115.794
5126.859
5132.386
5143.448
5154.511
5160.040
5215.346
5226.407
5231.936
5242.999
5248.529
5259.597
5265.120
5276.193
5331.488
5342.549
5348.079
5359.141
5364.671
5375.748
5381.263
5397.856
5453.160
5464.222
5469.752
5480.816
5486.345
5497.406
5502.936
5513.998
5569.303
5580.366
5585.895
5596.957
5602.486
5613.548
5619.078
5630.140
5679.914
5685.445
5696.506
5702.037
5713.098
5718.629
5735.221
5746.282
5807.118
5818.182
5829.243
5834.771
5840.302
5851.365
5856.894
5867.955
5928.791
5934.322
5939.853
5945.383
5956.447
5967.505
5973.037
5978.567
5995.159
6050.465
6067.059
6078.118
6083.648
6089.178
6100.240
6105.770
6116.832
6166.606
6172.137
6183.198
6188.729
6199.790
6205.320
6216.382
6271.689
6282.749
6288.280
6299.343
6304.871
6315.934
6321.465
6332.527
6387.831
6404.423
6409.952
6421.014
6426.544
6437.607
6443.136
6454.197
6459.727
6592.462
6597.993
6609.054
6614.586
6625.645
6631.177
6642.237
6647.768
6708.605
6714.135
6719.665
6730.727
6741.789
6752.850
6758.379
6769.444
6824.749
6835.810
6841.339
6846.869
6857.931
6863.461
6874.522
6880.053
6940.888
6946.421
6957.480
6963.012
6974.073
6979.603
7001.726
7012.787
7068.092
7079.156
7084.686
7090.215
7101.278
7112.338
7117.868
7123.398
7178.704
7184.235
7189.765
7200.849
7211.888
7217.419
7228.480
7234.010
7250.603
7300.379
7316.969
7322.500
7333.564
7339.093
7350.153
7355.684
7361.214
7410.990
7422.050
7433.111
7438.641
7449.703
7455.258
7466.295
7471.825
7538.192
7549.253
7554.785
7565.846
7571.377
7576.907
7587.969
7593.499
7670.929
7693.049
7698.580
7704.111
7709.641
7726.236
7731.764
7742.826
7798.130
7809.192
7814.723
7825.786
7831.314
7842.377
7853.436
7858.967
7864.498
7914.274
7930.866
7941.926
7947.456
7958.517
7964.049
7969.579
7980.641
8030.415
8041.477
8047.006
8058.068
8063.598
8074.660
8080.190
8096.783
8152.089
8163.149
8168.680
8179.742
8185.272
8196.333
8201.863
8212.929
8273.762
8284.822
8290.353
8301.415
8306.945
8318.006
8323.538
8334.598
8389.921
8400.966
8406.495
8417.557
8423.086
8434.149
8450.741
8456.270
8467.332
8517.129
8528.169
8539.229
8550.290
8555.821
8566.882
8572.412
8622.189
8638.780
8644.310
8660.904
8671.964
8677.494
8683.026
8694.088
8705.149
8760.455
8765.984
8777.046
8788.109
8793.637
8804.697
8810.229
8815.760
8865.534
8876.595
8882.125
8893.188
8898.717
8909.779
8915.310
8926.374
8931.901
8998.268
9003.799
9014.860
9020.390
9031.453
9053.575
9064.635
9125.473
9136.533
9142.064
9147.594
9158.656
9164.186
9175.252
9186.310
9191.839
9247.146
9258.206
9269.268
9274.798
9285.860
9296.922
9302.451
9357.758
9368.818
9374.350
9385.409
9390.940
9402.001
9407.532
9418.592
9424.124
9479.429
9490.490
9501.551
9507.082
9518.143
9523.674
9534.737
9540.266
9595.572
9606.634
9617.695
9623.225
9634.286
9645.347
9650.877
9656.409
9717.244
9722.775
9733.838
9739.367
9750.430
9755.960
9767.022
9772.551
9833.390
9844.449
9849.979
9855.510
9866.573
9872.102
9883.163
9888.693
9910.815
10087.794
10093.325
10104.386
10120.979
10126.510
10137.570
10143.100
10154.161
10192.876
10215.000
10220.529
10231.589
10242.651
10248.181
10259.242
10264.773
10297.958
10314.550
10325.609
10331.141
10342.201
10347.732
10358.792
10364.324
10414.100
10425.162
10436.222
10441.752
10447.283
10458.346
10469.406
10474.936
10513.650
10524.713
10535.774
10546.833
10557.894
10563.425
10574.496
10580.016
10591.095
10613.201
10646.385
10651.915
10657.445
10668.507
10674.037
10685.098
10690.629
10734.874
10745.935
10751.465
10762.527
10768.078
10773.587
10784.649
10795.712
10834.424
10851.016
10862.078
10867.608
10878.671
10889.731
10895.286
10906.321
10950.566
10967.158
10978.218
10983.751
10994.813
11005.872
11011.403
11016.933
11061.178
11066.708
11077.770
11083.300
11094.361
11099.892
11110.954
11116.483
11171.790
11182.852
11193.912
11199.443
11204.973
11227.095
11249.218
11260.279
11304.524
11315.585
11321.116
11332.178
11337.707
11343.238
11354.299
11365.361
11370.891
11393.014
11404.075
11415.136
11420.667
11431.728
11437.258
11448.319
11453.850
11509.156
11520.218
11525.748
11536.811
11542.339
11553.403
11564.463
11575.523
11581.054
11636.360
11647.421
11658.482
11664.013
11675.074
11680.604
11691.666
11697.195
11752.502
11763.563
11774.624
11780.154
11791.217
11796.747
11807.810
11818.870
11879.706
11890.767
11901.828
11907.358
11918.419
11929.483
11940.542
11946.072
12001.378
12006.910
12017.971
12023.502
12034.562
12040.092
12045.623
12056.685
12117.522
12123.051
12128.582
12139.644
12150.705
12156.234
12167.296
12178.358
12239.194
12244.724
12255.786
12261.317
12272.378
12277.908
12283.438
12294.500
12355.336
12360.866
12371.928
12377.458
12394.052
12405.111
12410.642
12421.703
12438.294
12482.539
12493.601
12504.662
12510.193
12521.253
12526.784
12532.314
12537.845
12604.213
12615.274
12626.335
12631.866
12642.928
12653.989
12659.518
12670.588
12725.886
12736.947
12742.477
12753.538
12759.069
12764.600
12775.662
12781.191
12830.966
12842.027
12847.558
12858.634
12864.150
12875.211
12880.741
12897.334
12952.639
12963.703
12969.231
12980.294
12991.354
12996.884
13002.415
13007.946
13063.253
13074.313
13085.374
13096.435
13101.965
13107.496
13118.558
13129.618
13135.160
13195.986
13207.047
13212.577
13223.639
13234.702
13240.230
13251.292
13256.822
13312.128
13328.721
13334.250
13345.311
13350.842
13361.903
13367.433
13372.964
13428.270
13439.331
13444.862
13455.924
13461.454
13472.515
13483.579
13489.107
13549.943
13555.474
13566.537
13572.066
13583.127
13588.657
13594.188
13605.250
13666.086
13671.618
13677.147
13688.208
13693.739
13704.800
13715.862
13721.392
13776.697
13787.759
13793.290
13798.820
13809.883
13820.941
13826.474
13832.004
13892.839
13909.432
13914.963
13926.024
13931.554
13942.616
13953.688
13959.207
14014.515
14025.575
14031.104
14042.166
14047.696
14058.759
14064.288
14075.353
14080.901
14136.185
14141.716
14147.247
14158.309
14163.839
14174.899
14180.431
14191.491
14246.797
14263.391
14274.450
14279.982
14291.042
14296.574
14307.633
14313.165
14379.532
14390.595
14396.123
14407.187
14412.716
14423.778
14429.307
14434.837
14495.674
14506.735
14512.266
14517.796
14528.859
14534.389
14545.451
14550.980
14611.816
14733.489
14744.551
14755.614
14761.142
14772.204
14777.734
14788.796
14794.326
14838.571
14844.102
14849.632
14860.694
14866.223
14871.754
14882.815
14893.878
14938.121
14949.183
14960.245
14965.774
14976.835
14982.366
14998.960
15010.019
15054.263
15065.326
15076.388
15081.918
15092.978
15098.508
15109.569
15115.100
15159.357
15170.406
15175.936
15181.467
15192.528
15198.058
15209.122
15214.651
15225.712
15269.977
15275.487
15281.018
15292.079
15297.610
15314.202
15325.265
15330.795
15375.037
15386.099
15397.182
15402.691
15413.753
15424.815
15435.874
15441.405
15480.119
15496.712
15502.242
15518.833
15524.363
15535.425
15540.955
15552.016
15596.262
15601.792
15607.323
15612.854
15629.446
15634.975
15646.038
15657.101
15701.342
15712.403
15723.465
15728.995
15740.058
15745.588
15756.648
15762.179
15806.423
15811.954
15828.547
15839.607
15845.138
15850.668
15861.731
15867.260
15894.914
15905.977
15917.038
15922.566
15928.097
15939.158
15944.688
15950.219
16011.055
16016.586
16022.118
16027.648
16038.709
16049.769
16055.300
16060.831
16127.198
16138.259
16143.789
16160.384
16165.913
16176.974
16182.504
16193.565
16199.096
16254.403
16265.462
16276.523
16282.054
16293.115
16298.646
16309.706
16315.248
16376.074
16381.606
16392.667
16398.197
16409.260
16414.789
16425.850
16431.380
16486.687
16497.748
16508.809
16514.339
16519.869
16530.931
16536.461
16547.523
16564.114
16630.482
16647.075
16663.665
16680.257
16691.318
16696.865
16707.913
16768.746
16785.341
16796.399
16801.931
16812.991
16818.522
16829.585
16835.114
16846.175
16901.480
16912.542
16918.073
16929.134
16934.664
16945.726
16951.256
16962.317
17017.623
17023.155
17034.215
17039.746
17050.806
17056.338
17061.867
17067.397
17128.234
17139.296
17150.357
17161.422
17166.949
17178.010
17189.071
17194.602
17255.437
17260.970
17272.030
17277.560
17288.623
17294.152
17377.111
17388.172
17393.703
17399.235
17410.296
17421.356
17476.662
17482.192
17493.255
17498.784
17509.863
17515.375
17526.437
17531.967
17592.804
17598.336
17609.396
17614.928
17631.519
17642.579
17648.151
17664.704
17725.538
17736.600
17747.661
17753.191
17764.252
17769.783
17780.844
17786.374
17841.681
17847.211
17863.802
17869.335
17885.926
17891.456
17902.518
17913.581
17968.884
17974.414
17985.476
17991.007
18002.068
18013.129
18024.190
18029.721
18035.252
18096.088
18101.618
18112.681
18118.210
18129.271
18134.803
18145.863
18151.393
18212.231
18217.761
18228.822
18234.352
18245.416
18250.944
18262.007
18267.536
18322.842
18333.904
18344.965
18350.495
18356.026
18367.087
18378.147
18383.679
18433.454
18444.514
18450.046
18461.106
18466.637
18477.698
18483.228
18494.292
18555.127
18566.188
18577.251
18582.783
18593.840
18599.371
18610.432
18615.963
18676.800
18687.861
18693.391
18698.921
18710.002
18715.515
18721.045
18732.106
18743.167
18792.942
18804.028
18815.064
18820.595
18837.210
18842.718
18853.778
18859.310
18914.615
18925.676
18931.206
18942.270
18947.799
18958.860
18964.390
18969.921
19025.227
19041.820
19052.880
19058.410
19063.941
19075.005
19080.533
19091.594
19180.083
19191.144
19196.674
19207.737
19213.266
19224.328
19229.858
19251.981
19296.226
19307.288
19318.348
19329.411
19334.940
19340.470
19351.532
19362.593
19368.123
19412.370
19423.429
19428.960
19434.490
19445.552
19451.082
19462.144
19467.674
19517.449
19522.980
19534.043
19539.572
19550.633
19556.163
19561.696
19572.757
19622.530
19633.592
19639.122
19644.653
19655.713
19672.307
19683.367
19688.898
19699.958
19738.672
19749.734
19755.266
19766.327
19771.875
19782.919
19788.450
19838.223
19843.754
19854.847
19860.346
19876.940
19887.998
19893.530
19904.590
19948.835
19954.365
19959.896
19976.489
19982.018
19993.079
19998.610
20015.205
20020.733
20070.508
20081.570
20087.100
20098.162
20109.224
20114.753
20125.815
20136.876
20170.058
20186.651
20197.711
20203.242
20214.303
20219.834
20230.895
20236.426
20269.609
20286.200
20297.261
20302.793
20313.855
20319.384
20330.447
20335.976
20391.282
20402.344
20413.404
20418.935
20424.466
20435.529
20441.059
20452.119
20468.710
20474.243
20485.302
20490.833
20501.894
20507.425
20518.489
20529.547
20535.077
20590.383
20601.444
20612.507
20618.037
20634.629
20640.158
20651.220
20712.057
20723.120
20734.179
20745.240
20756.301
20761.831
20772.895
20778.424
20839.260
20844.791
20855.855
20861.383
20872.443
20877.975
20889.036
20894.567
20905.628
20960.955
20971.994
20977.524
20994.116
21005.179
21010.708
21027.301
21032.830
21088.160
21099.199
21104.728
21115.790
21126.850
21132.381
21143.442
21148.972
21204.280
21220.871
21231.931
21237.462
21248.523
21254.054
21265.115
21270.646
21325.952
21337.013
21348.074
21353.604
21364.667
21370.197
21381.260
21386.788
21442.094
21453.155
21464.216
21469.747
21480.807
21486.339
21497.399
21502.930
21563.766
21569.299
21580.360
21585.890
21596.951
21602.481
21613.545
21619.073
21679.910
21685.440
21696.503
21702.032
21713.093
21718.623
21729.685
21735.216
21746.276
21807.113
21818.175
21823.705
21834.767
21845.827
21851.359
21856.889
21867.951
21923.255
21934.316
21939.847
21950.909
21961.972
21967.500
21978.561
21984.092
22039.397
22050.458
22061.520
22067.050
22072.582
22083.642
22089.173
22100.234
22155.541
22172.132
22183.194
22188.724
22199.786
22205.315
22216.377
22221.907
22277.235
22288.274
22299.336
22304.866
22310.396
22321.459
22332.519
22338.050
22387.824
22398.886
22404.418
22415.477
22421.008
22432.070
22437.600
22454.193
22459.723
22520.558
22526.089
22542.683
22548.212
22559.274
22564.803
22575.865
22581.396
22636.703
22647.763
22658.824
22664.355
22675.417
22680.946
22692.008
22697.538
22758.375
22763.905
22774.968
22780.497
22791.560
22802.620
22808.151
22819.220
22863.456
22880.047
22891.108
22896.639
22907.700
22913.231
22924.292
22929.822
22985.128
22996.191
23001.721
23012.783
23018.311
23029.375
23045.965
23051.495
23112.332
23117.862
23134.457
23139.985
23151.048
23156.576
23167.639
23173.168
23178.699
23228.475
23239.535
23250.597
23256.127
23267.198
23272.719
23278.250
23289.310
23355.679
23361.208
23372.271
23377.800
23383.332
23399.924
23405.453
23416.515
23471.823
23482.883
23488.412
23493.942
23505.005
23516.066
23521.596
23527.126
23587.963
23599.024
23610.086
23615.616
23621.147
23626.676
23637.738
23643.270
23748.350
23759.411
23764.943
23776.004
23787.064
23792.594
23798.125
23814.719
23825.778
23870.022
23881.085
23892.146
23903.210
23908.737
23914.267
23925.329
23930.860
23975.106
23986.165
23991.696
23997.227
24008.288
24013.817
24024.881
24030.411
24074.654
24085.716
24096.777
24107.839
24113.369
24124.430
24129.960
24141.025
24185.266
24196.328
24201.858
24212.920
24229.513
24240.572
24246.103
24257.165
24295.879
24306.941
24318.004
24323.531
24334.592
24340.123
24351.184
24356.715
24362.246
24412.021
24423.083
24428.612
24439.675
24445.204
24456.266
24461.796
24472.858
24522.632
24528.183
24539.224
24544.755
24550.287
24555.816
24572.408
24577.939
24627.714
24644.306
24655.367
24660.897
24671.961
24677.489
24688.552
24694.080
24732.795
24749.388
24760.449
24771.509
24777.040
24788.101
24793.631
24799.162
24843.406
24848.937
24859.999
24865.528
24876.593
24882.120
24898.714
24904.244
24915.304
24948.488
24965.080
24970.610
24981.672
24987.203
24998.264
25003.794
25014.854
25070.161
25075.691
25086.752
25092.282
25103.344
25108.874
25119.936
25125.466
25186.302
25191.833
25197.364
25208.450
25213.956
25225.017
25230.547
25247.140
25302.446
25313.506
25319.037
25330.102
25335.630
25346.691
25352.221
25357.751
25413.057
25418.587
25429.650
25435.179
25446.244
25451.771
25457.303
25468.363
25479.424
25540.261
25545.791
25556.853
25567.915
25573.444
25590.060
25606.628
25623.220
25689.587
25695.117
25706.180
25711.709
25722.771
25728.301
25733.832
25744.893
25800.198
25811.260
25822.321
25827.851
25838.914
25849.976
25855.505
25866.566
25916.341
25927.404
25938.463
25943.995
25949.524
25960.586
25971.647
25977.177
26032.483
26038.014
26043.545
26054.605
26060.136
26071.196
26076.728
26093.321
26104.380
26159.686
26176.279
26181.810
26187.340
26198.401
26209.463
26214.993
26220.523
26275.829
26281.359
26286.890
26297.951
26309.013
26314.544
26325.604
26386.441
26391.971
26403.033
26414.094
26419.624
26436.217
26441.748
26452.808
26458.339
26513.644
26524.720
26535.767
26541.297
26552.360
26557.889
26568.951
26574.481
26629.787
26640.849
26651.930
26657.440
26668.501
26674.031
26685.093
26696.156
26751.460
26756.990
26762.522
26779.137
26784.643
26790.175
26801.235
26806.766
26867.603
26873.139
26884.196
26889.724
26900.786
26906.336
26917.377
26922.909
26989.275
26994.806
27005.867
27011.397
27033.520
27044.581
27050.112
27061.173
27116.479
27122.009
27133.072
27144.132
27155.192
27160.723
27166.255
27177.316
27182.847
27238.151
27243.683
27254.744
27260.276
27265.804
27282.397
27287.928
27298.988
27354.295
27365.356
27376.418
27381.947
27393.008
27398.539
27404.070
27415.131
27470.436
27481.498
27487.028
27498.089
27503.620
27514.681
27520.211
27536.805
27597.640
27608.701
27619.765
27630.825
27636.355
27641.885
27652.947
27658.476
27724.844
27730.375
27735.905
27746.966
27758.028
27763.558
27774.619
27780.149
27791.212
27846.516
27857.578
27863.108
27874.171
27885.233
27890.761
27901.838
27907.353
27962.662
27973.720
27979.252
27990.312
27995.843
28006.904
28012.435
28023.496
28073.272
28078.801
28089.862
28095.393
28106.454
28111.984
28123.048
28134.108
28233.658
28239.188
28250.249
28255.780
28261.328
28272.372
28283.433
28288.964
28355.332
28366.392
28371.923
28382.985
28394.045
28399.576
28405.107
28416.167
28421.698
28477.004
28488.065
28493.595
28504.657
28515.718
28521.248
28532.309
28537.840
28598.676
28604.207
28615.268
28620.799
28631.862
28637.391
28648.452
28653.983
28709.288
28720.350
28731.412
28736.941
28742.472
28753.533
28759.063
28770.126
28830.961
28836.492
28842.023
28853.084
28858.615
28869.676
28875.208
28886.267
28897.328
28952.634
28969.228
28980.288
28985.818
28996.879
29002.409
29013.471
29019.001
29079.838
29085.368
29096.431
29101.960
29107.491
29118.552
29124.083
29135.144
29190.449
29201.512
29207.041
29218.106
29223.634
29234.695
29240.225
29245.755
29317.653
29339.776
29350.837
29361.898
29367.428
29372.959
29384.021
29395.082
29450.387
29455.918
29472.511
29478.041
29489.101
29494.632
29505.693
29511.223
29522.285
29572.060
29588.651
29599.713
29610.778
29621.835
29627.366
29638.428
29643.959
29704.795
29710.324
29721.387
29732.448
29743.509
29749.039
29760.100
29765.632
29820.937
29831.998
29837.528
29843.060
29854.121
29859.650
29865.181
29876.243
29937.079
29942.609
29948.140
29959.202
29970.264
29975.794
29986.855
29997.915
30053.224
30058.753
30069.813
30075.344
30080.876
30091.954
30102.997
30108.528
30169.363
30174.895
30185.955
30191.486
30202.547
30208.078
30219.158
30235.733
30291.036
30302.098
30307.629
30318.690
30324.220
30340.813
30351.873
30357.404
30368.464
30418.240
30423.771
30429.302
30445.893
30451.424
30456.956
30468.017
30473.548
30539.913
30550.974
30556.505
30567.567
30578.627
30589.689
30600.749
30606.280
30667.116
30672.648
30683.708
30689.239
30700.300
30705.831
30716.893
30727.953
30788.790
30799.851
30805.382
30816.443
30821.973
30833.034
30838.575
30899.401
30904.932
30915.993
30921.531
30932.585
30943.648
30954.712
30965.769
31032.136
31037.667
31048.729
31054.258
31065.319
31070.850
31076.381
31087.442
31098.502
31153.814
31164.870
31170.400
31181.461
31186.992
31198.053
31203.584
31214.646
31269.951
31275.482
31286.545
31297.605
31308.665
31314.196
31319.727
31330.788
31380.562
31386.095
31402.685
31413.748
31419.277
31430.339
31435.869
31441.399
31452.461
31623.910
31773.234
31911.499
31917.030
31922.561
31933.622
31939.153
31950.214
31961.277
31966.806
31977.868
32022.111
32027.642
32033.173
32044.236
32049.764
32060.825
32071.888
32077.417
32116.131
32127.193
32132.724
32143.784
32149.314
32160.376
32165.907
32176.969
32215.687
32237.806
32248.865
32254.396
32265.457
32270.988
32276.519
32287.580
32337.356
32348.415
32353.946
32365.007
32370.537
32376.069
32387.130
32392.660
32398.190
32447.966
32453.496
32459.027
32470.109
32475.619
32486.680
32492.210
32497.741
32541.985
32547.517
32553.047
32564.108
32569.639
32575.169
32580.700
32591.761
32636.006
32641.536
32652.598
32658.128
32669.189
32674.719
32680.251
32691.311
32730.026
32741.087
32746.617
32752.148
32757.678
32768.740
32774.270
32779.801
32785.331
32835.107
32840.637
32846.168
32851.698
32857.229
32868.291
32873.822
32923.596
32929.127
32934.657
32940.188
32945.719
32951.249
32962.311
32967.841
33001.024
33012.086
33017.616
33023.147
33028.678
33039.740
33045.270
33050.801
33061.862
33117.168
33122.699
33133.761
33139.291
33150.351
33161.413
33166.944
33178.005
33233.311
33238.840
33255.434
33266.494
33272.025
33283.086
33288.616
33299.680
33354.984
33366.044
33371.575
33382.639
33393.698
33399.228
33404.760
33415.819
33471.126
33482.189
33487.717
33498.780
33504.309
33509.840
33520.902
33526.431
33587.268
33598.330
33603.860
33609.391
33620.452
33625.983
33637.043
33648.104
33703.412
33714.471
33720.002
33725.533
33736.593
33747.655
33758.717
33769.778
33825.083
33836.145
33847.207
33852.736
33863.797
33869.328
33880.391
33891.452
33896.981
33952.288
33963.350
33968.880
33979.940
33985.470
33996.532
34002.062
34007.593
34068.429
34073.960
34085.021
34090.552
34101.613
34107.143
34118.205
34129.267
34190.102
34195.633
34201.164
34212.226
34223.286
34228.816
34234.349
34245.408
34306.245
34311.775
34317.306
34328.368
34333.897
34339.428
34350.490
34361.551
34367.081
34433.448
34438.980
34450.041
34461.102
34466.631
34477.694
34483.223
34549.593
34555.122
34566.183
34571.714
34582.776
34588.304
34599.366
34604.897
34615.958
34671.263
34676.794
34687.856
34693.386
34704.448
34715.510
34721.059
34732.100
34787.406
34809.529
34831.651
34837.181
34842.712
34853.773
34859.303
34864.835
34920.140
34931.201
34936.733
34947.794
34953.324
34964.386
34969.919
34980.978
35036.283
35047.347
35052.874
35063.935
35069.466
35074.997
35086.058
35097.119
35102.649
35157.955
35163.486
35174.547
35180.078
35191.140
35196.670
35202.201
35213.263
35268.567
35279.628
35285.160
35290.690
35301.752
35312.811
35318.342
35329.403
35379.181
35395.771
35401.301
35412.362
35428.954
35434.485
35445.546
35451.077
35506.382
35511.912
35517.444
35528.505
35534.035
35545.097
35550.628
35561.688
35616.994
35628.058
35633.586
35644.648
35650.177
35661.242
35666.769
35677.831
35683.361
35738.667
35749.728
35755.261
35771.852
35777.381
35788.444
35799.507
35816.098
35871.402
35882.465
35887.993
35899.054
35904.585
35915.647
35921.176
35932.238
35993.074
35998.605
36004.135
36020.727
36031.788
36037.340
36042.850
36053.913
36103.686
36120.277
36125.808
36142.401
36147.933
36158.993
36164.523
36175.584
36275.134
36280.664
36291.725
36297.257
36302.787
36319.382
36324.911
36335.972
36347.032
36385.746
36396.810
36407.869
36418.930
36429.992
36435.522
36446.583
36452.113
36496.358
36507.421
36512.949
36518.481
36524.013
36540.603
36546.133
36568.258
36612.501
36618.032
36629.093
36634.624
36640.154
36651.216
36656.745
36667.808
36712.051
36723.112
36734.173
36750.766
36756.296
36767.357
36772.889
36778.418
36828.194
36839.255
36844.791
36855.849
36861.377
36872.438
36877.969
36883.499
36894.561
36944.336
36955.397
36960.927
36972.008
36977.521
36988.583
36994.112
37005.172
37043.886
37060.479
37071.540
37077.070
37088.133
37093.661
37104.726
37110.253
37143.436
37165.561
37176.621
37187.681
37193.212
37198.744
37209.804
37215.334
37259.579
37270.640
37281.702
37287.232
37298.294
37303.824
37314.886
37325.947
37331.477
37375.721
37386.783
37397.844
37408.906
37419.966
37425.497
37431.027
37442.088
37486.334
37497.395
37508.455
37519.517
37525.047
37530.579
37585.884
37596.946
37608.007
37613.537
37624.598
37630.129
37635.659
37646.721
37657.784
37718.618
37724.148
37729.680
37740.742
37746.272
37757.333
37762.863
37823.702
37829.231
37840.292
37845.822
37851.352
37862.414
37867.945
37879.006
37939.842
37945.372
37950.904
37961.965
37967.494
37978.557
37984.087
37995.149
38006.210
38061.515
38072.578
38078.107
38089.168
38094.698
38105.762
38111.290
38122.352
38177.657
38188.718
38194.249
38205.311
38210.840
38221.902
38227.432
38238.496
38293.800
38304.860
38310.392
38321.454
38326.984
38338.044
38343.576
38354.636
38404.414
38409.943
38421.005
38432.064
38437.595
38443.126
38454.187
38465.248
38515.024
38526.086
38537.146
38542.676
38548.207
38559.268
38575.861
38581.390
38642.227
38653.288
38658.819
38669.881
38675.410
38686.473
38692.002
38703.065
38758.369
38769.430
38774.961
38780.492
38791.553
38797.083
38808.145
38813.675
38830.268
38891.104
38902.166
38913.227
38918.756
38924.286
38935.349
38940.879
38951.939
39012.776
39023.838
39029.368
39040.431
39045.959
39057.021
39062.552
39073.614
39128.918
39139.982
39145.510
39162.103
39167.632
39178.694
39189.755
39195.285
39250.594
39261.652
39272.714
39278.245
39283.776
39294.837
39305.898
39311.428
39372.265
39377.795
39383.325
39394.387
39405.451
39410.979
39422.040
39427.570
39477.369
39488.407
39493.938
39504.999
39510.529
39521.591
39527.121
39532.652
39587.957
39599.019
39610.080
39615.610
39626.673
39632.202
39643.265
39648.794
39715.161
39720.692
39726.222
39737.285
39742.814
39753.876
39764.936
39770.467
39775.998
39836.834
39842.365
39847.896
39853.426
39864.487
39875.549
39886.609
39941.915
39952.976
39958.507
39969.571
39975.098
39986.164
39991.691
40002.754
40008.282
40058.057
40080.182
40091.241
40096.773
40102.302
40113.365
40141.016
40146.547
40207.384
40212.914
40223.977
40229.506
40240.568
40251.630
40257.159
40268.220
40317.996
40329.056
40340.117
40345.648
40356.709
40362.240
40373.301
40378.833
40434.137
40445.199
40456.260
40461.791
40472.853
40478.382
40489.445
40500.506
40511.565
40566.872
40583.466
40594.525
40605.586
40616.647
40622.180
40627.708
40638.770
40738.320
40743.851
40754.912
40765.972
40771.504
40782.564
40788.096
40804.687
40871.054
40876.585
40887.646
40893.177
40898.708
40909.768
40920.831
40931.905
40992.728
40998.258
41009.319
41020.380
41025.910
41036.971
41042.502
41053.571
41108.869
41119.930
41136.522
41142.053
41153.115
41158.644
41169.706
41175.237
41186.297
41241.611
41258.196
41263.726
41274.788
41280.318
41291.379
41296.909
41302.440
41357.746
41374.337
41379.868
41390.929
41396.460
41407.521
41413.052
41418.583
41479.419
41490.479
41496.011
41507.073
41512.603
41523.666
41529.194
41540.255
41595.562
41606.623
41612.153
41623.214
41628.744
41639.806
41645.336
41656.397
41717.234
41728.315
41733.826
41744.889
41750.418
41761.481
41767.010
41778.071
41833.377
41844.438
41849.969
41861.029
41866.560
41877.621
41883.152
41888.682
41899.745
41960.580
41966.111
41977.173
41982.702
41993.766
42004.826
42010.356
42021.417
42082.254
42087.784
42093.314
42104.377
42115.437
42120.967
42132.029
42137.559
42198.397
42209.457
42220.518
42226.049
42231.579
42242.640
42253.702
42259.232
42264.765
42325.599
42336.660
42342.190
42353.254
42369.846
42375.374
42386.436
42441.743
42452.804
42458.333
42463.863
42474.926
42485.986
42491.517
42497.048
42508.109
42557.883
42563.414
42574.478
42580.006
42596.598
42607.660
42613.190
42624.251
42679.558
42696.148
42701.680
42712.741
42718.272
42729.331
42734.863
42745.928
42795.702
42801.232
42812.292
42817.822
42828.882
42834.416
42845.475
42851.004
42917.393
42922.903
42928.433
42939.495
42950.558
42961.618
42967.149
42978.219
43033.516
43044.578
43050.107
43061.190
43066.698
43072.229
43083.290
43094.353
43099.882
43155.187
43166.250
43177.310
43182.841
43188.370
43199.437
43204.962
43216.025
43271.329
43282.391
43293.455
43304.514
43315.581
43321.105
43326.637
43337.697
43387.472
43393.002
43404.065
43409.594
43420.667
43426.186
43437.248
43442.778
43509.145
43514.676
43525.737
43531.268
43542.331
43547.860
43558.920
43564.451
43569.981
43636.350
43647.410
43658.471
43664.002
43675.064
43680.593
43735.900
43741.430
43752.494
43763.552
43769.083
43780.144
43791.206
43802.267
43807.797
43863.103
43890.757
43896.286
43907.349
43912.878
43923.942
43929.470
43940.531
44123.041
44305.550
44427.223
44438.286
44443.814
44454.878
44465.938
44471.468
44482.529
44488.060
44526.774
44543.367
44554.427
44559.957
44571.019
44576.549
44587.610
44593.141
44637.385
44642.915
44670.568
44676.100
44687.160
44692.691
44703.753
44709.283
44759.058
44770.120
44775.649
44792.243
44797.774
44808.834
44814.364
44825.426
44864.140
44875.202
44880.733
44891.793
44897.323
44908.384
44913.931
44924.976
44963.690
44974.751
44980.281
44991.344
44996.873
45007.934
45013.465
45024.530
45030.056
45079.832
45085.363
45096.424
45101.955
45113.017
45118.546
45135.140
45140.669
45190.444
45195.974
45207.037
45218.098
45229.160
45234.689
45245.754
45251.281
45306.587
45317.650
45323.179
45328.709
45339.770
45350.833
45356.362
45367.424
45411.668
45422.730
45433.791
45439.321
45444.851
45455.913
45472.506
45483.570
45522.280
45533.340
45538.871
45555.465
45560.995
45577.586
45588.647
45594.177
45627.361
45638.423
45643.956
45655.015
45660.544
45666.076
45677.137
45688.198
45743.503
45754.565
45760.095
45771.157
45776.687
45787.750
45793.278
45804.342
45809.871
45870.707
45876.238
45892.831
45903.891
45909.421
45920.482
45926.013
45937.074
45992.381
46003.441
46008.971
46020.033
46025.563
46031.094
46042.155
46047.686
46114.053
46119.583
46125.114
46136.176
46147.239
46152.767
46163.829
46169.359
46174.890
46230.221
46235.725
46257.849
46263.378
46268.909
46279.971
46291.031
46296.562
46351.868
46357.425
46362.929
46373.991
46379.520
46396.113
46401.644
46418.236
46468.010
46479.073
46484.602
46495.663
46512.256
46517.785
46528.847
46534.378
46589.683
46606.275
46617.337
46628.397
46633.927
46650.522
46656.052
46661.582
46716.887
46733.481
46744.541
46750.071
46755.601
46761.132
46772.193
46783.254
46838.561
46844.090
46855.152
46866.213
46871.743
46882.805
46888.336
46899.397
46960.233
46965.765
46971.294
46982.356
46993.419
46998.947
47010.009
47015.539
47021.069
47087.439
47098.498
47104.029
47109.559
47120.622
47126.150
47137.212
47148.276
47203.578
47209.109
47220.171
47225.701
47242.295
47247.823
47258.884
47264.415
47319.721
47330.783
47336.313
47347.376
47352.905
47363.966
47369.496
47375.027
47435.864
47446.925
47452.455
47463.516
47469.047
47480.110
47491.171
47496.701
47552.006
47590.721
47596.251
47607.312
47662.617
47679.210
47684.740
47695.809
47701.332
47712.393
47717.923
47734.516
47740.046
47800.882
47806.413
47817.475
47828.536
47834.066
47845.127
47850.658
47861.719
47917.025
47928.087
47933.616
47944.678
47950.209
47966.801
47972.331
47983.394
48038.698
48044.229
48055.290
48071.883
48082.943
48088.473
48099.534
48105.065
48116.126
48171.432
48182.493
48188.024
48199.085
48204.615
48210.146
48215.677
48221.207
48276.513
48287.575
48298.635
48304.165
48320.759
48326.290
48337.349
48342.882
48398.186
48409.249
48420.309
48425.839
48436.901
48442.431
48453.493
48459.023
48514.328
48519.858
48525.390
48536.450
48541.981
48553.043
48558.577
48569.636
48586.226
48641.532
48652.594
48658.124
48669.185
48674.715
48691.308
48702.369
48713.430
48768.736
48774.266
48785.328
48790.857
48801.921
48807.449
48818.514
48824.042
48884.878
49034.204
49039.734
49050.796
49056.326
49061.857
49072.918
49083.980
49089.510
49133.754
49144.816
49150.346
49161.407
49172.468
49178.000
49189.063
49194.591
49238.838
49249.897
49260.959
49266.489
49277.550
49283.081
49294.143
49305.203
49310.733
49360.509
49371.570
49377.101
49388.162
49393.693
49404.755
49410.284
49421.345
49471.121
49476.651
49482.182
49493.242
49504.305
49509.834
49520.895
49531.956
49581.734
49598.325
49609.385
49614.916
49620.446
49631.508
49642.568
49648.099
49659.164
49703.405
49708.936
49719.997
49725.528
49731.058
49742.121
49747.650
49758.711
49802.956
49808.486
49814.017
49825.081
49830.608
49841.672
49852.731
49858.262
49902.506
49908.037
49924.629
49941.222
49946.751
49957.812
49963.342
49974.405
49979.934
50029.709
50046.302
50051.833
50062.893
50068.424
50079.486
50085.016
50096.077
50134.791
50151.384
50156.913
50167.974
50179.035
50184.566
50190.096
50201.159
50239.873
50250.933
50261.994
50267.525
50278.586
50284.117
50295.178
50300.709
50311.769
50367.077
50378.137
50383.667
50394.729
50400.262
50405.790
50416.852
50427.915
50477.687
50483.218
50488.750
50499.811
50505.342
50516.402
50521.933
50532.993
50588.299
50593.830
50604.914
50610.421
50621.484
50627.013
50638.075
50643.605
50654.667
50732.114
50737.625
50748.687
50759.749
50770.810
50781.870
50792.931
50798.461
50853.767
50859.320
50875.890
50881.420
50892.484
50898.014
50909.075
50914.604
50969.910
50986.501
50997.563
51003.095
51008.625
51025.216
51036.277
51041.808
51097.113
51102.647
51119.237
51124.766
51135.828
51141.358
51152.420
51157.950
51169.011
51224.317
51235.378
51240.908
51251.970
51257.501
51263.031
51274.095
51279.623
51340.460
51345.990
51357.052
51368.115
51373.643
51384.706
51390.235
51395.766
51451.071
51462.134
51473.193
51478.725
51489.785
51495.316
51506.377
51522.971
51528.500
51589.336
51594.866
51600.397
51611.460
51622.521
51633.580
51644.641
51655.702
51711.009
51722.070
51727.600
51738.662
51744.193
51755.253
51760.785
51771.846
51827.151
51843.743
51860.336
51865.866
51876.927
51882.457
51893.518
51899.049
51948.825
51959.885
51965.416
51976.477
51982.008
51993.068
51998.600
52009.661
52059.436
52070.497
52081.558
52087.088
52098.150
52103.680
52120.275
52125.804
52136.866
52197.701
52208.762
52219.823
52225.354
52230.885
52241.945
52253.007
52258.537
52319.374
52324.906
52330.435
52341.497
52352.557
52358.089
52369.149
52374.679
52435.516
52441.046
52452.110
52457.638
52468.700
52474.231
52485.292
52490.822
52546.129
52557.189
52579.312
52590.374
52595.903
52606.966
52612.495
52623.559
52629.087
52689.923
52695.453
52706.516
52712.046
52723.107
52728.637
52739.698
52745.229
52806.065
52817.127
52822.657
52833.719
52839.249
52844.780
52850.310
52861.371
52927.738
52933.269
52944.331
52949.862
52960.930
52971.984
52983.066
52988.575
53043.881
53054.942
53060.472
53071.534
53077.065
53099.187
53115.780
53126.841
53137.902
53193.207
53204.268
53215.332
53220.860
53231.921
53237.452
53242.982
53254.044
53309.349
53320.410
53325.941
53337.002
53342.532
53353.593
53359.126
53375.719
53442.083
53453.147
53458.675
53469.737
53475.266
53486.329
53491.859
53502.920
53591.409
53602.470
53608.001
53624.595
53630.124
53641.186
53646.715
53657.778
53663.309
53707.552
53713.083
53729.674
53740.735
53746.265
53757.326
53762.857
53773.918
53818.163
53829.224
53840.285
53845.817
53856.878
53862.408
53879.001
53884.532
53928.775
53934.306
53945.367
53950.898
53967.491
53973.021
53984.081
53989.611
54000.674
54044.942
54055.979
54067.040
54072.571
54078.101
54089.162
54100.223
54111.285
54155.529
54166.591
54177.652
54183.182
54194.243
54205.306
54216.367
54221.900
54271.672
54282.741
54288.264
54293.794
54310.388
54321.447
54326.977
54338.039
54343.569
54387.814
54398.875
54404.405
54415.469
54426.529
54432.058
54437.589
54448.651
54492.897
54498.426
54503.957
54515.018
54526.080
54531.609
54537.140
54548.202
54592.446
54609.037
54620.099
54631.163
54642.221
54647.752
54658.814
54669.875
54708.589
54719.650
54730.710
54736.241
54747.302
54752.833
54763.894
54769.426
54780.485
54819.199
54830.261
54835.791
54846.854
54852.384
54863.445
54868.975
54880.039
54935.342
54946.403
54951.934
54962.996
54968.527
54979.595
54985.117
54996.179
55057.016
55068.077
55073.607
55084.669
55090.199
55095.729
55106.792
55112.322
55173.158
55184.219
55189.749
55195.280
55206.342
55217.404
55222.934
55234.014
55245.055
55294.831
55305.893
55316.953
55322.484
55328.014
55333.545
55339.075
55355.668
55416.504
55422.034
55427.565
55438.626
55449.687
55455.218
55466.282
55471.810
55532.646
55538.178
55554.771
55565.830
55571.361
55576.891
55587.952
55593.482
55604.544
55665.380
55670.911
55676.441
55687.503
55693.035
55704.095
55715.157
55720.686
55775.991
55781.523
55787.055
55798.116
55803.646
55814.707
55820.237
55831.298
55881.074
55886.604
55897.667
55903.195
55914.259
55919.787
55930.849
55936.379
55997.215
56008.278
56013.807
56024.870
56035.930
56041.460
56052.525
56058.052
56063.583
56124.419
56135.482
56141.011
56152.073
56157.603
56163.133
56168.664
56174.195
56229.501
56240.562
56246.092
56257.153
56268.214
56273.746
56284.807
56290.338
56351.174
56356.704
56367.766
56373.296
56389.889
56395.419
56406.480
56412.010
56478.378
56489.438
56500.512
56506.030
56511.561
56522.621
56528.152
56539.214
56544.744
56605.580
56611.111
56622.174
56627.703
56638.765
56644.295
56655.356
56666.417
56716.193
56727.255
56738.315
56743.846
56749.375
56760.438
56771.498
56777.030
56826.804
56837.865
56843.395
56854.457
56859.987
56871.048
56876.579
56893.172
56948.477
56959.538
56965.070
56976.131
56987.193
56998.252
57003.782
57014.844
57025.905
57075.680
57081.210
57092.272
57097.803
57103.333
57114.394
57125.455
57130.986
57191.822
57197.354
57208.416
57213.945
57225.007
57230.546
57241.598
57247.129
57313.497
57319.027
57335.618
57346.679
57352.210
57363.272
57368.802
57374.332
57385.394
57446.230
57451.761
57462.821
57468.352
57479.416
57490.476
57496.006
57507.066
57556.842
57567.903
57578.964
57590.025
57595.555
57601.088
57612.169
57617.678
57678.514
57684.045
57695.106
57700.638
57711.698
57722.759
57733.822
57739.374
57761.477
57816.779
57827.842
57838.902
57844.433
57849.964
57855.493
57866.564
57872.086
57938.452
57943.983
57955.046
57960.575
57971.636
57977.167
57982.698
57993.759
58093.310
58098.840
58104.370
58115.432
58126.492
58132.023
58143.085
58148.615
58203.921
58209.451
58220.513
58226.043
58237.104
58248.169
58259.227
58264.757
58270.287
58314.532
58320.062
58336.656
58342.187
58353.247
58358.778
58369.839
58375.370
58419.614
58436.205
58441.736
58452.799
58458.328
58463.859
58485.981
58497.041
58546.820
58552.347
58563.409
58574.470
58580.001
58596.593
58607.653
58613.184
58624.246
58662.959
58679.552
58685.081
58696.143
58701.673
58712.735
58718.265
58729.326
58773.572
58790.163
58801.250
58806.756
58817.817
58828.878
58834.408
58839.939
58884.183
58900.776
58906.305
58917.367
58922.897
58933.960
58939.491
58950.550
58989.264
59000.325
59005.856
59022.449
59027.979
59039.040
59044.570
59050.102
59061.162
59099.876
59116.468
59127.530
59133.060
59144.122
59149.651
59155.182
59166.244
59210.488
59221.550
59227.079
59232.611
59243.672
59249.202
59254.733
59265.794
59310.040
59321.101
59332.163
59343.222
59348.753
59359.816
59365.346
59376.405
59381.936
59431.713
59442.773
59448.303
59459.364
59464.895
59475.956
59481.486
59492.547
59547.854
59553.385
59569.976
59575.506
59586.568
59597.629
59603.159
59619.753
59680.587
59686.118
59697.181
59702.712
59708.241
59719.301
59730.364
59735.911
59802.262
59813.322
59818.854
59824.384
59835.447
59840.975
59852.036
59857.567
59923.934
59934.996
59940.525
59946.057
59962.649
59968.179
59979.240
59984.770
59990.321
60040.079
60051.137
60067.729
60073.259
60084.321
60089.851
60100.912
60106.443
60161.750
60172.810
60183.871
60189.402
60205.995
60211.525
60222.586
60233.647
60288.954
60294.484
60305.544
60311.075
60322.136
60327.666
60338.727
60344.258
60355.319
60410.625
60421.687
60427.217
60438.278
60443.810
60449.339
60460.401
60465.933
60526.769
60532.299
60543.360
60548.891
60559.953
60571.013
60576.543
60582.074
60642.910
60648.442
60653.971
60665.034
60676.095
60681.625
60692.704
60698.217
60703.747
60759.053
60764.584
60770.126
60786.706
60803.300
60808.829
60819.890
60825.420
60875.195
60886.257
60891.787
60902.848
60908.378
60919.440
60924.990
60936.031
60991.337
61002.400
61007.931
61018.990
61024.522
61030.051
61041.114
61046.644
61113.011
61118.542
61129.602
61140.665
61146.195
61157.255
61162.786
61168.316
61179.395
61234.684
61245.745
61256.806
61262.336
61278.931
61289.989
61295.519
61312.113
61367.418
61378.479
61384.009
61389.540
61406.133
61411.662
61422.723
61428.254
61478.030
61494.622
61500.152
61511.214
61516.746
61527.805
61533.336
61538.866
61549.928
61599.703
61616.295
61627.355
61632.886
61655.009
61666.071
61671.600
61682.663
61737.968
61749.028
61754.559
61760.090
61771.150
61776.682
61787.742
61798.803
61854.110
61859.640
61870.703
61876.232
61887.294
61903.887
61914.946
61920.477
61981.316
61986.860
61997.905
62003.435
62014.497
62020.028
62031.089
62036.619
62042.150
62102.986
62114.063
62119.578
62130.640
62136.173
62147.231
62152.763
62163.823
62219.128
62235.721
62241.274
62252.311
62257.843
62268.904
62274.434
62279.965
62329.742
62340.802
62351.862
62357.394
62368.455
62373.985
62385.045
62390.576
62451.414
62456.944
62468.005
62473.535
62484.598
62490.127
62501.189
62506.718
62517.780
62606.269
62617.331
62628.392
62639.454
62644.984
62667.107
62683.698
62700.289
62755.596
62761.126
62772.188
62777.718
62788.780
62794.311
62799.841
62810.903
62866.207
62877.269
62888.329
62893.860
62904.924
62910.456
62921.515
62927.043
62993.412
62998.942
63010.003
63015.534
63021.064
63032.126
63043.187
63048.717
63109.555
63120.614
63126.146
63131.676
63137.206
63148.268
63159.330
63170.391
63175.928
63231.227
63236.758
63253.350
63258.879
63269.940
63275.471
63281.003
63292.063
63347.369
63358.432
63363.960
63375.023
63380.552
63386.083
63397.144
63408.207
63469.043
63474.572
63480.104
63485.634
63502.227
63507.756
63518.818
63524.347
63535.409
63590.715
63601.776
63607.306
63612.837
63623.898
63629.429
63640.491
63646.020
63706.857
63712.388
63723.449
63728.979
63740.043
63751.103
63756.632
63762.162
63817.469
63822.999
63839.591
63845.121
63856.183
63861.714
63872.776
63878.306
63944.672
63950.203
63955.734
63961.264
63977.857
63983.387
63994.450
63999.978
64011.040
64060.814
64071.876
64082.938
64093.999
64099.529
64110.590
64116.122
64127.183
64199.079
64204.610
64215.671
64221.202
64226.732
64237.795
64248.855
64254.385
64315.221
64320.752
64331.817
64337.345
64348.408
64353.936
64365.020
64370.527
64387.120
64447.956
64453.487
64464.549
64475.609
64481.139
64492.225
64497.733
64508.792
64564.098
64575.163
64586.221
64597.285
64608.344
64613.875
64624.935
64630.467
64685.771
64696.833
64707.896
64713.424
64724.485
64730.016
64741.077
64746.613
64812.975
64824.035
64829.566
64840.629
64846.159
64857.220
64862.750
64873.811
64934.648
64945.709
64951.239
64956.770
64967.832
64973.362
64984.424
64995.484
65001.014
65056.320
65061.850
65067.382
65078.442
65083.974
65095.036
65100.567
65111.626
65166.932
65177.996
65183.524
65194.586
65200.116
65211.177
65216.709
65227.769
65283.074
65294.135
65299.667
65305.198
65316.258
65327.319
65332.850
65343.913
65349.441
65415.810
65432.403
65443.463
65448.993
65454.523
65465.585
65471.115
65482.177
65537.482
65543.013
65548.543
65559.605
65565.135
65576.196
65581.727
65592.790
65648.095
65659.155
65664.687
65675.749
65686.808
65692.338
65697.869
65708.930
65764.236
65775.298
65780.828
65786.358
65797.420
65802.950
65814.012
65819.542
65830.604
66024.175
66118.195
66129.255
66140.317
66145.847
66156.909
66162.438
66173.501
66184.562
66228.807
66239.867
66245.399
66261.990
66273.050
66278.581
66284.111
66295.174
66300.704
66356.009
66361.540
66372.601
66378.132
66383.662
66394.724
66400.255
66411.316
66461.090
66472.152
66477.682
66488.743
66494.275
66505.337
66510.867
66521.927
66566.171
66577.233
66588.297
66593.825
66604.886
66610.416
66615.954
66627.008
66671.253
66682.316
66687.844
66698.906
66704.436
66709.967
66721.028
66726.559
66737.620
66781.864
66787.395
66792.927
66803.987
66809.518
66815.048
66826.110
66837.173
66881.415
66892.477
66898.007
66909.069
66920.132
66931.191
66942.252
66953.312
66992.027
67008.619
67019.681
67025.211
67030.741
67041.802
67047.333
67058.396
67063.925
67102.639
67113.699
67119.230
67130.291
67141.353
67152.414
67157.944
67163.476
67213.251
67224.311
67229.851
67240.903
67246.435
67257.496
67263.026
67274.088
67307.270
67312.802
67323.866
67329.393
67340.455
67351.515
67357.047
67362.576
67373.639
67428.945
67440.005
67445.535
67456.597
67462.127
67473.188
67478.719
67484.249
67539.555
67545.085
67556.147
67561.679
67567.208
67578.270
67589.334
67594.863
67650.167
67661.229
67672.292
67683.351
67688.881
67699.942
67705.473
67711.003
67771.840
67782.902
67788.432
67799.493
67805.044
67810.555
67821.616
67827.147
67838.209
67899.043
67904.574
67910.104
67915.636
67926.698
67937.760
67948.819
67954.350
68009.656
68020.717
68031.778
68042.839
68048.370
68059.455
68064.961
68076.023
68136.859
68142.389
68153.451
68158.981
68170.046
68175.573
68186.636
68192.167
68253.002
68258.532
68269.593
68275.123
68286.185
68291.715
68297.247
68308.307
68363.613
68374.674
68380.204
68385.736
68396.797
68407.859
68413.389
68429.981
68490.817
68501.881
68512.938
68518.470
68529.539
68535.061
68546.122
68562.714
68568.244
68629.081
68640.143
68651.205
68656.734
68667.796
68673.327
68684.390
68689.919
68756.285
68767.347
68778.409
68783.939
68794.999
68806.061
68817.122
68822.652
68877.959
68883.488
68889.019
68900.080
68905.610
68916.672
68922.202
68938.796
68944.325
69005.161
69010.692
69021.755
69032.817
69038.345
69049.409
69054.936
69060.472
69115.774
69126.836
69137.895
69143.426
69148.957
69160.017
69171.078
69176.610
69237.447
69242.976
69254.039
69259.568
69265.099
69281.691
69292.752
69298.282
69309.343
69364.650
69375.710
69381.241
69392.303
69397.833
69408.894
69414.425
69431.018
69497.384
69502.914
69513.976
69519.506
69530.569
69547.160
69552.691
69563.751
69619.057
69630.119
69635.648
69646.711
69652.241
69663.302
69668.832
69674.363
69724.138
69735.199
69746.260
69751.791
69762.852
69768.382
69784.977
69796.035
69801.567
69856.872
69867.933
69873.463
69884.524
69895.586
69901.117
69912.178
69917.709
69973.016
69978.546
69989.608
70000.668
70006.199
70017.260
70022.790
70028.320
70094.687
70105.748
70116.813
70122.340
70133.402
70138.932
70149.993
70155.524
70221.892
70232.953
70238.482
70249.544
70255.077
70266.137
70271.667
70288.260
70293.789
70354.625
70360.156
70376.749
70387.808
70393.339
70404.400
70420.992
70426.523
70481.829
70492.891
70498.420
70509.482
70520.543
70526.074
70542.667
70548.195
70609.032
70714.114
70725.175
70736.237
70741.767
70752.828
70763.889
70774.951
70780.481
70830.260
70835.786
70846.848
70852.378
70863.440
70874.503
70880.032
70891.093
70896.623
70940.868
70946.399
70957.461
70962.991
70974.051
70979.582
70985.112
70996.174
71034.887
71045.948
71057.012
71062.540
71079.133
71090.193
71095.724
71106.786
71151.031
71162.091
71167.623
71178.685
71184.214
71195.275
71200.805
71217.398
71272.703
71283.764
71300.357
71305.888
71316.948
71322.478
71328.009
71339.071
71383.317
71388.847
71399.908
71405.437
71416.499
71422.030
71433.093
71438.621
71449.682
71493.926
71504.988
71516.049
71521.580
71527.111
71538.172
71549.234
71554.763
71604.539
71615.599
71621.131
71637.724
71643.252
71648.784
71659.844
71670.906
71715.151
71726.212
71737.273
71742.803
71748.334
71759.395
71770.456
71775.987
71820.231
71831.292
71842.356
71847.884
71853.415
71870.007
71875.537
71886.602
71897.660
71936.374
71941.904
71947.435
71958.497
71969.558
71975.088
71986.148
71991.679
72046.985
72052.517
72069.108
72080.169
72091.230
72096.761
72107.825
72113.352
72174.190
72185.252
72190.781
72201.843
72207.372
72218.434
72229.499
72235.026
72295.862
72301.393
72312.456
72317.985
72329.046
72334.576
72340.107
72351.168
72356.699
72406.474
72417.536
72428.596
72434.145
72445.187
72450.718
72461.779
72467.310
72528.147
72533.677
72539.208
72550.289
72555.799
72572.392
72577.924
72583.452
72644.289
72655.353
72660.881
72671.944
72677.472
72683.003
72694.064
72705.125
72716.186
72777.023
72793.616
72799.146
72810.206
72815.737
72826.801
72832.329
72882.104
72898.697
72915.288
72920.820
72931.880
72937.410
72948.472
72954.002
73014.840
73025.901
73036.961
73042.492
73048.023
73059.084
73070.145
73075.675
73130.981
73136.511
73142.043
73153.104
73158.634
73175.227
73180.757
73191.818
73197.348
73247.123
73258.186
73263.719
73274.776
73280.306
73291.368
73296.899
73307.960
73363.265
73374.327
73379.857
73390.918
73396.449
73407.512
73418.571
73429.633
73490.469
73507.062
73512.591
73523.653
73529.183
73545.777
73551.305
73562.368
73573.429
73634.264
73650.857
73661.918
73667.448
73678.512
73684.040
73695.101
73700.631
73750.425
73761.470
73767.000
73778.060
73783.591
73789.121
73800.184
73805.713
73861.018
73872.080
73877.614
73888.672
73894.203
73899.733
73910.795
73916.325
73927.387
73988.224
73993.753
73999.283
74010.346
74015.876
74026.937
74032.467
74037.997
74093.304
74098.834
74109.896
74115.428
74126.492
74132.017
74143.078
74154.140
74220.507
74231.569
74237.099
74242.629
74253.691
74264.752
74270.282
74281.343
74342.181
74353.242
74364.305
74369.833
74380.895
74386.425
74397.486
74408.550
74414.078
74474.915
74480.445
74491.513
74497.037
74502.567
74513.630
74524.691
74530.220
74585.526
74596.588
74607.650
74613.179
74624.240
74629.772
74635.302
74646.364
74696.137
74701.668
74712.729
74718.260
74729.321
74734.852
74745.915
74751.444
74762.507
74817.812
74828.872
74834.404
74845.466
74856.525
74862.056
74867.586
74878.648
74922.892
74933.953
74945.014
74950.545
74961.606
74967.136
74972.667
74983.730
75044.564
75055.628
75066.688
75072.218
75077.748
75088.810
75099.875
75105.401
75149.646
75204.952
75216.013
75221.544
75227.076
75238.136
75243.667
75249.197
75260.259
75304.502
75321.095
75326.626
75332.155
75343.217
75348.747
75354.279
75365.342
75415.115
75426.175
75431.706
75448.299
75453.829
75464.890
75470.420
75481.481
75520.195
75531.258
75536.788
75547.849
75553.379
75564.440
75569.971
75581.032
75586.564
75636.338
75647.399
75652.930
75663.991
75669.521
75680.583
75686.122
75697.177
75746.967
75752.480
75763.541
75769.072
75780.134
75785.665
75796.726
75802.255
75852.031
75863.095
75868.624
75879.684
75885.216
75890.745
75901.807
75912.868
75918.398
75968.174
75973.704
75984.765
75990.295
76001.377
76012.418
76017.949
76067.724
76078.785
76084.315
76089.847
76100.908
76111.971
76117.500
76128.561
76134.092
76178.336
76194.931
76200.459
76211.520
76217.051
76222.580
76233.642
76244.704
76288.948
76294.478
76300.009
76311.070
76316.601
76327.662
76333.192
76344.254
76366.376
76377.438
76382.967
76388.498
76399.559
76405.091
76416.152
76421.682
76432.744
76449.339
76460.395
76465.926
76488.049
76493.579
76510.170
76515.702
76526.765
76587.599
76598.662
76615.252
76620.784
76631.844
76642.905
76653.966
76665.027
76720.334
76731.397
76736.925
76747.986
76753.519
76764.578
76770.110
76786.701
76792.232
76853.068
76858.598
76869.661
76880.721
76886.251
76891.782
76902.843
76908.374
76958.151
76969.210
76980.271
76985.802
76991.333
77002.394
77007.924
77018.986
77090.882
77107.476
77124.068
77129.598
77140.659
77146.189
77157.250
77162.781
77223.617
77234.679
77240.209
77245.740
77256.801
77262.331
77273.394
77278.924
77289.985
77345.289
77350.820
77361.883
77372.945
77378.475
77389.535
77395.065
77406.128
77461.432
77466.964
77483.558
77494.616
77500.147
77511.207
77516.738
77527.800
77588.638
77599.697
77605.228
77610.758
77621.819
77632.883
77638.412
77649.473
77655.004
77704.778
77715.843
77726.901
77732.431
77737.962
77749.023
77754.554
77765.616
77848.575
77859.636
77865.165
77870.696
77881.760
77887.288
77953.656
77964.717
77975.778
77981.308
77992.369
78003.431
78014.493
78020.022
78031.084
78080.859
78091.920
78097.451
78102.981
78114.044
78119.573
78130.635
78141.697
78197.000
78213.593
78219.123
78230.184
78235.715
78246.776
78252.327
78263.367
78318.673
78329.735
78335.265
78346.327
78351.857
78362.918
78368.449
78379.511
78385.041
78440.348
78451.407
78456.938
78473.531
78479.062
78490.123
78495.653
78501.184
78562.020
78573.081
78578.611
78584.142
78595.203
78600.734
78611.796
78622.856
78678.162
78689.225
78694.754
78705.816
78711.346
78716.876
78733.470
78744.529
78750.060
78805.366
78816.429
78827.488
78833.019
78844.080
78849.612
78860.671
78866.202
78915.977
78927.040
78932.569
78943.631
78949.161
78960.222
78965.752
78976.815
79032.120
79043.181
79048.711
79065.305
79070.834
79081.896
79087.425
79098.488
79104.018
79159.324
79170.384
79181.445
79186.984
79198.037
79203.567
79214.629
79220.160
79275.466
79286.529
79297.589
79303.120
79314.204
79325.242
79330.772
79341.832
79408.200
79419.261
79424.792
79435.853
79441.406
79446.914
79452.445
79457.976
79518.812
79529.884
79535.403
79540.934
79551.997
79557.526
79568.588
79574.117
79634.954
79640.484
79657.077
79662.608
79673.669
79684.730
79690.260
79701.321
79756.628
79811.933
79828.525
79839.586
79845.116
79856.178
79867.239
79872.769
79883.831
79939.137
79944.667
79950.198
79961.260
79972.320
79977.851
79988.911
79994.443
80060.809
80077.403
80082.933
80088.464
80099.525
80110.584
80116.115
80127.176
80132.708
80188.013
80199.074
80210.136
80215.666
80226.726
80232.257
80243.321
80248.850
80304.156
80315.217
80326.279
80331.809
80342.870
80348.400
80359.461
80364.991
80376.076
80431.360
80442.420
80453.482
80459.012
80470.073
80475.603
80486.665
80492.197
80553.032
80564.093
80569.624
80580.686
80586.216
80597.276
80602.807
80613.869
80674.705
80680.237
80685.766
80696.829
80702.358
80718.949
80724.480
80735.542
80790.847
80801.909
80807.440
80818.500
80829.564
80835.092
80846.153
80851.684
80906.990
80923.583
80929.112
80940.173
80945.704
80951.234
80962.296
80967.826
80978.888
81034.193
81039.724
81050.785
81056.315
81067.377
81078.439
81083.969
81095.030
81150.335
81161.399
81166.927
81177.989
81183.519
81189.050
81200.111
81205.641
81266.477
81272.009
81283.070
81288.600
81299.662
81305.192
81316.253
81321.784
81332.845
81393.681
81399.212
81410.276
81415.804
81426.865
81432.395
81443.459
81448.987
81509.823
81515.354
81520.885
81531.947
81543.007
81554.068
81565.149
81576.194
81637.027
81642.557
81648.088
81659.151
81670.213
81675.741
81686.803
81692.351
81697.864
81758.700
81764.231
81775.292
81780.823
81786.353
81797.415
81802.945
81814.007
81869.312
81880.373
81891.435
81896.965
81908.027
81919.089
81924.618
81935.680
81990.986
81996.516
82007.577
82013.108
82018.638
82029.701
82035.230
82046.292
82051.821
82112.658
82118.189
82129.250
82134.781
82145.842
82151.372
82162.434
82167.965
82228.800
82239.863
82245.393
82250.922
82261.983
82273.045
82278.575
82289.637
82344.942
82356.003
82361.534
82372.598
82378.126
82389.188
82394.718
82405.782
82461.085
82477.677
82483.208
82494.271
82499.801
82510.860
82516.391
82527.452
82532.983
82588.289
82599.350
82610.412
82615.942
82627.014
82632.534
82638.064
82649.125
82709.961
82721.024
82726.554
82732.084
82743.148
82748.677
82759.737
82765.268
82815.043
82826.107
82831.635
82842.696
82848.226
82853.757
82864.818
82870.349
82881.429
82942.246
82947.777
82958.838
82964.368
82969.899
82980.961
82992.022
82997.552
83130.286
83257.490
83263.020
83274.082
83279.612
83290.674
83301.736
83312.795
83329.390
83373.632
83384.694
83390.224
83401.286
83412.346
83417.876
83428.937
83434.469
83484.245
83495.305
83500.836
83511.896
83528.488
83534.020
83545.080
83550.612
83561.672
83605.917
83616.978
83628.039
83633.570
83644.631
83650.162
83661.225
83666.754
83716.529
83727.590
83733.121
83744.182
83749.713
83760.773
83766.303
83777.365
83816.100
83838.202
83849.264
83854.793
83865.856
83871.393
83882.448
83887.977
83932.221
83937.753
83954.345
83965.406
83970.936
83976.467
83987.529
83998.590
84004.120
84048.364
84059.425
84064.956
84070.508
84081.551
84092.609
84098.140
84103.670
84147.915
84153.445
84164.508
84175.568
84181.098
84192.160
84197.690
84203.221
84247.467
84264.057
84269.587
84280.649
84286.180
84297.240
84302.771
84313.833
84319.362
84374.669
84385.731
84391.261
84402.322
84407.852
84418.915
84429.975
84435.505
84485.280
84490.812
84496.342
84512.935
84518.464
84529.525
84535.056
84540.587
84595.892
84601.423
84612.484
84623.546
84634.606
84640.137
84651.198
84662.260
84667.791
84734.157
84745.218
84756.281
84772.873
84778.402
84789.464
84794.994
84800.525
84861.361
84866.891
84877.959
84883.484
84894.545
84900.076
84911.136
84916.666
84977.504
84988.565
84994.095
84999.626
85010.689
85016.217
85027.280
85032.809
85093.647
85104.708
85110.237
85121.298
85126.829
85132.383
85143.421
85148.952
85198.726
85209.787
85215.318
85226.394
85231.910
85242.972
85248.501
85265.095
85325.930
85331.460
85336.991
85348.053
85353.584
85364.644
85370.175
85375.706
85381.236
85442.072
85453.135
85458.665
85469.726
85475.256
85480.788
85497.380
85502.909
85558.215
85563.745
85574.807
85580.337
85602.462
85630.112
85646.704
85657.766
85707.541
85718.602
85729.665
85735.193
85740.724
85751.785
85757.316
85773.910
85779.439
85840.276
85845.806
85856.869
85867.928
85873.459
85878.989
85890.051
85895.581
85956.417
85961.948
85967.478
85978.540
85984.070
85995.134
86000.662
86011.725
86072.560
86078.090
86089.153
86094.682
86100.213
86116.806
86127.866
86138.927
86188.703
86194.256
86205.294
86210.824
86221.886
86227.416
86238.477
86244.008
86310.375
86321.458
86326.967
86338.028
86343.559
86354.623
86365.681
86371.212
86382.273
86437.582
86448.641
86454.170
86465.232
86470.762
86476.292
86487.353
86492.885
86553.721
86559.253
86570.321
86575.844
86581.374
86592.437
86597.965
86609.029
86664.333
86675.394
86680.925
86691.985
86697.516
86708.578
86714.107
86719.638
86730.700
86791.537
86802.598
86808.128
86819.189
86824.720
86835.781
86846.842
86852.373
86907.678
86918.741
86929.801
86935.331
86946.392
86951.923
86962.984
86968.516
87029.355
87045.945
87051.474
87062.536
87068.065
87073.597
87084.658
87090.188
87106.781
87167.616
87173.147
87184.209
87189.739
87195.270
87200.800
87217.394
87222.922
87283.761
87294.820
87300.350
87311.412
87322.473
87328.003
87339.065
87344.595
87405.432
87410.962
87422.025
87427.554
87433.085
87444.147
87455.207
87460.738
87521.573
87527.105
87538.166
87543.696
87560.289
87571.349
87576.880
87587.941
87643.247
87648.778
87659.838
87670.899
87676.442
87687.491
87693.022
87704.086
87759.389
87770.450
87775.981
87787.043
87792.574
87803.634
87809.164
87820.225
87825.756
87892.125
87903.184
87908.716
87919.776
87925.307
87936.368
87941.899
87952.963
87997.204
88002.735
88008.266
88019.327
88024.858
88035.920
88041.450
88052.511
88058.041
88107.817
88113.347
88124.408
88135.469
88141.000
88152.061
88157.592
88168.653
88207.367
88218.428
88223.958
88235.020
88240.551
88251.612
88257.142
88268.205
88312.448
88317.998
88323.510
88334.570
88340.101
88351.162
88356.693
88367.756
88411.999
88423.061
88434.121
88439.652
88450.715
88456.245
88467.307
88472.836
88483.896
88522.610
88533.674
88539.202
88550.264
88555.794
88566.856
88572.405
88583.447
88622.161
88633.222
88638.753
88649.814
88655.345
88666.405
88671.937
88682.997
88721.712
88732.773
88738.306
88749.365
88754.895
88765.956
88771.488
88782.549
88788.080
88837.854
88848.916
88854.446
88871.038
88876.569
88887.629
88893.160
88904.221
88942.936
88965.059
88976.119
88981.650
88987.181
88998.241
89003.773
89014.833
89059.078
89064.609
89075.671
89081.200
89092.262
89097.792
89103.322
89114.384
89142.036
89147.568
89158.628
89164.159
89175.220
89180.753
89191.811
89197.343
89208.404
89263.709
89274.771
89280.301
89296.893
89302.426
89313.485
89319.016
89330.077
89379.855
89396.444
89401.974
89413.036
89418.566
89429.627
89435.158
89446.219
89501.524
89512.586
89518.117
89529.177
89534.708
89545.771
89551.301
89562.361
89567.892
89639.790
89650.852
89667.442
89672.973
89684.034
89689.565
89695.097
89706.157
89766.993
89772.525
89789.117
89800.179
89805.709
89816.768
89822.299
89827.829
89883.137
89894.197
89905.258
89916.319
89921.849
89932.911
89938.441
89943.972
89955.033
90021.400
90026.931
90037.993
90043.522
90049.054
90054.585
90071.179
90076.706
90137.545
90148.605
90159.665
90165.196
90176.257
90181.788
90187.318
90198.380
90253.686
90270.295
90281.339
90286.868
90297.930
90308.993
90314.522
90325.583
90336.647
90391.951
90403.012
90408.541
90419.603
90425.134
90430.663
90441.726
90452.786
90502.562
90513.623
90519.153
90524.686
90530.214
90541.276
90546.806
90563.399
90618.704
90629.765
90635.296
90640.827
90651.890
90662.950
90668.480
90674.010
90734.847
90751.439
90762.500
90768.030
90773.560
90784.622
90795.683
90801.213
90862.050
90873.112
90878.642
90884.172
90895.233
90900.778
90911.826
90917.356
90967.131
90983.725
90989.253
91000.314
91005.845
91016.906
91022.437
91033.499
91094.336
91105.397
91110.926
91116.457
91127.519
91138.580
91144.110
91155.173
91166.233
91221.538
91227.069
91238.132
91243.660
91254.722
91260.252
91271.314
91276.844
91337.681
91343.211
91354.273
91359.803
91365.334
91376.395
91387.456
91392.988
91459.353
91470.414
91475.945
91492.538
91498.069
91503.599
91514.660
91525.721
91531.251
91586.558
91597.620
91608.680
91619.740
91625.271
91636.332
91641.863
91647.394
91708.230
91713.760
91724.823
91730.353
91741.414
91758.016
91763.536
91769.066
91824.372
91835.433
91840.963
91852.025
91857.556
91863.087
91874.148
91879.678
91940.514
91946.046
91957.108
91962.637
91973.698
91979.229
91990.292
91995.821
92006.882
92056.657
92062.189
92073.250
92084.311
92089.841
92100.902
92106.432
92117.494
92167.269
92172.800
92189.391
92194.922
92200.452
92211.513
92222.574
92228.106
92288.942
92300.004
92311.064
92316.596
92322.126
92333.186
92338.717
92349.778
92410.616
92471.451
92482.513
92499.106
92504.635
92515.698
92521.227
92532.289
92537.818
92576.532
92587.593
92598.655
92604.185
92615.246
92620.777
92631.838
92637.369
92687.144
92692.674
92703.737
92709.266
92720.342
92725.858
92736.938
92742.450
92797.756
92808.817
92814.349
92825.409
92830.941
92842.003
92847.532
92858.593
92864.123
92913.899
92930.491
92936.022
92947.098
92952.613
92963.674
92974.735
92980.266
93030.040
93046.632
93052.164
93063.224
93074.306
93085.347
93096.410
93101.938
93162.775
93168.305
93173.836
93190.429
93201.518
93207.021
93218.081
93223.611
93234.673
93289.978
93301.041
93306.570
93317.632
93323.162
93328.698
93339.754
93345.285
93400.590
93406.121
93411.652
93428.244
93439.307
93444.835
93455.897
93461.427
93511.202
93527.794
93538.855
93544.385
93555.447
93560.977
93572.054
93577.569
93588.631
93643.938
93649.466
93660.528
93666.058
93677.121
93682.650
93699.244
93710.304
93765.610
93776.673
93782.201
93793.262
93798.793
93809.855
93815.384
93826.445
93859.631
93865.160
93876.249
93881.751
93892.812
93909.405
93914.934
93925.996
93981.302
93992.363
93997.894
94014.487
94025.548
94031.078
94042.139
94047.669
94064.262
94125.098
94130.629
94141.692
94147.221
94152.751
94163.812
94169.342
94180.403
94230.179
94241.240
94246.771
94257.832
94263.382
94268.893
94279.955
94291.016
94346.321
94351.852
94362.914
94373.975
94379.505
94390.567
94396.098
94401.627
94462.463
94473.524
94484.585
94490.116
94501.178
94506.710
94517.770
94534.363
94589.666
94600.728
94617.322
94622.851
94644.972
94667.096
94678.158
94689.218
94700.279
94755.584
94766.646
94772.177
94783.237
94788.770
94799.830
94805.361
94816.421
94877.258
94888.319
94893.850
94904.911
94910.441
94915.973
94927.034
94932.563
94993.401
95004.462
95009.993
95021.053
95026.583
95037.648
95043.175
95054.238
95059.767
95115.073
95126.135
95137.197
95142.730
95159.318
95170.379
95175.910
95186.970
95236.746
95242.276
95253.338
95264.399
95275.459
95280.990
95286.521
95303.114
95358.418
95369.481
95386.074
95391.603
95402.664
95413.725
95419.255
95424.786
95480.093
95485.622
95491.154
95502.215
95507.744
95518.806
95524.339
95535.399
95540.928
95601.765
95612.826
95623.887
95629.418
95640.481
95646.010
95657.071
95662.601
95723.440
95728.969
95740.030
95745.561
95751.091
95762.153
95773.213
95784.274
95839.581
95850.641
95856.173
95861.703
95867.233
95878.295
95889.356
95900.417
95905.947
95961.253
95966.784
95983.377
95988.906
95994.436
96005.498
96011.028
96022.090
96071.865
96088.459
96093.987
96105.050
96110.579
96121.641
96127.171
96132.701
96193.537
96204.598
96210.129
96226.722
96232.254
96243.313
96248.844
96259.907
96265.436
96320.742
96326.273
96337.333
96348.395
96359.456
96364.986
96376.048
96381.578
96436.884
96447.948
96459.006
96464.536
96475.599
96486.660
96492.189
96503.252
96553.026
96564.087
96575.148
96580.679
96591.739
96597.270
96608.337
96613.862
96624.924
96680.229
96691.290
96696.821
96707.884
96713.414
96730.006
96735.537
96746.597
96801.902
96812.964
96818.494
96829.556
96835.086
96846.147
96851.678
96862.753
96923.577
96934.637
96940.167
96951.229
96956.759
96967.822
96973.351
96978.881
96995.474
97050.779
97056.310
97067.372
97072.903
97083.963
97089.494
97100.555
97106.085
97272.002
97283.065
97288.594
97294.125
97305.186
97310.717
97321.779
97332.840
97343.901
97388.145
97399.207
97404.738
97415.798
97421.328
97432.390
97443.450
97448.996
97493.226
97504.291
97515.350
97531.943
97537.471
97548.534
97554.064
97570.655
97620.430
97625.961
97631.491
97642.553
97653.614
97664.676
97670.205
97681.266
97686.797
97731.042
97747.634
97753.165
97764.225
97769.756
97775.287
97786.348
97791.878
97836.122
97841.653
97852.714
97858.244
97869.306
97874.837
97885.898
97891.428
97924.613
97930.142
97941.205
97952.265
97957.795
97968.857
97974.388
97985.451
97990.979
98035.224
98040.754
98057.348
98062.878
98068.409
98079.470
98090.530
98096.060
98140.304
98162.429
98167.958
98179.019
98184.550
98190.081
98201.142
98212.202
98245.388
98273.040
98284.100
98289.631
98300.693
98306.223
98317.286
98322.815
98372.590
98383.652
98389.182
98400.243
98405.774
98416.836
98427.898
98433.426
98483.202
98488.733
98499.795
98505.326
98516.385
98521.917
98527.446
98538.508
98544.038
98604.875
98610.405
98621.466
98626.997
98638.069
98643.589
98654.650
98660.180
98721.017
98732.078
98737.609
98748.672
98754.202
98765.281
98770.793
98776.323
98837.161
98842.691
98853.752
98859.282
98870.343
98875.874
98886.936
98892.490
98903.526
98958.833
98969.894
98975.425
98980.955
98992.023
98997.547
99008.609
99019.669
99074.974
99097.101
99108.158
99113.689
99124.750
99130.282
99135.811
99146.874
99202.179
99213.240
99224.301
99229.832
99240.893
99246.423
99257.487
99268.547
99318.320
99329.383
99340.445
99345.973
99357.035
99362.565
99373.626
99379.157
99390.218
99451.055
99456.585
99467.646
99473.177
99484.238
99489.769
99500.830
99506.361
99561.666
99578.259
99583.788
99589.319
99611.443
99616.975
99628.034
99633.566
99699.933
99710.994
99722.054
99727.585
99738.646
99749.706
99755.237
99766.299
99816.076
99838.198
99843.728
99854.788
99865.848
99871.379
99882.440
99887.971
99899.048
99954.363
99959.869
99970.930
99976.460
99987.521
99993.053
100004.113
100009.644
100076.011
100087.073
100098.134
100109.196
100114.726
100125.787
100131.317
100147.909
100208.745
100214.277
100225.338
100230.867
100236.399
100247.459
100258.521
100264.051
100330.419
100335.948
100347.012
100352.541
100363.603
100374.665
100380.194
100391.255
100396.786
100452.091
100463.153
100468.683
100479.745
100485.275
100496.336
100501.866
100512.928
100573.766
100584.825
100590.356
100601.417
100606.947
100618.010
100629.072
100634.601
100689.906
100700.969
100706.499
100717.561
100723.090
100734.151
100739.682
100750.743
100817.110
100822.641
100828.172
100839.234
100844.763
100855.826
100861.355
100872.418
100883.479
100944.314
100949.846
100955.375
100971.966
100977.498
100983.028
100994.089
101005.155
101060.458
101071.519
101077.048
101088.109
101093.640
101104.703
101110.231
101126.824
101182.129
101193.191
101198.721
101209.784
101220.844
101231.906
101242.966
101248.497
101254.027
101309.332
101314.863
101325.924
101331.455
101342.517
101348.046
101359.108
101364.639
101431.006
101442.067
101447.598
101458.660
101469.720
101480.782
101486.312
101497.374
101552.679
101558.209
101580.331
101591.392
101596.923
101607.985
101613.515
101630.108
101641.169
101696.474
101702.005
101713.067
101718.598
101735.191
101746.249
101751.781
101757.310
101840.269
101851.331
101856.861
101867.923
101878.984
101884.514
101895.575
101901.105
101973.003
101978.534
101995.126
102000.657
102011.717
102017.261
102022.778
102033.839
102050.433
102105.738
102116.799
102122.329
102133.392
102144.453
102149.982
102161.043
102166.574
102221.881
102232.942
102238.471
102244.002
102255.064
102266.126
102271.655
102282.718
102338.022
102349.084
102354.614
102360.145
102371.206
102382.268
102393.331
102398.859
102454.166
102465.225
102470.757
102481.817
102487.349
102498.409
102503.940
102515.001
102520.534
102575.838
102581.368
102586.899
102597.959
102603.490
102614.551
102620.082
102631.145
102691.981
102703.041
102708.573
102719.635
102730.694
102741.755
102747.286
102752.818
102808.122
102813.652
102819.184
102830.251
102835.775
102846.853
102852.367
102863.429
102868.959
102929.796
102940.856
102951.918
102957.448
102968.511
102979.572
102985.101
102996.162
103056.999
103068.060
103073.591
103084.652
103090.183
103095.713
103106.775
103117.836
103173.141
103184.202
103189.733
103200.794
103206.324
103222.917
103228.448
103239.511
103250.569
103300.346
103311.405
103322.466
103327.998
103344.591
103355.650
103361.182
103372.244
103427.549
103438.609
103444.140
103455.202
103460.732
103471.796
103477.324
103488.385
103543.691
103554.752
103560.282
103571.343
103576.874
103587.935
103593.466
103604.527
103659.833
103670.893
103676.425
103687.485
103693.017
103704.077
103709.609
103720.671
103781.506
103787.036
103803.631
103825.750
103847.872
103858.934
103869.996
103875.525
103892.118
103947.425
103964.016
103975.079
103980.607
103991.670
103997.199
104008.260
104013.790
104063.566
104074.627
104080.159
104091.220
104096.750
104107.811
104113.341
104124.402
104179.709
104196.300
104207.361
104212.892
104223.954
104229.484
104240.545
104246.075
104306.912
104317.974
104329.051
104334.566
104345.627
104351.158
104362.218
104367.750
104373.279
104434.116
104450.707
104461.770
104467.299
104472.830
104483.892
104494.953
104500.482
104555.789
104566.852
104583.467
104594.502
104600.033
104611.095
104616.624
104627.686
104688.523
104699.584
104705.114
104716.176
104721.706
104732.769
104743.831
104749.359
104760.438
104810.197
104821.256
104832.317
104837.849
104848.909
104854.441
104865.501
104871.032
104931.870
104942.930
104948.461
104959.522
104965.052
104976.114
104987.177
104992.707
105053.542
105070.137
105075.664
105086.725
105092.256
105103.320
105108.847
105125.440
105175.214
105363.254
105462.805
105473.867
105484.928
105495.989
105501.519
105518.125
105529.173
105534.703
105578.947
105590.008
105601.069
105606.601
105623.194
105634.254
105639.784
105650.847
105656.375
105706.152
105711.682
105717.214
105733.804
105739.336
105750.395
105755.927
105766.987
105805.701
105811.232
105822.293
105833.356
105838.886
105849.946
105855.477
105866.538
105905.254
105916.315
105932.906
105938.435
105949.498
105955.027
105966.088
105971.619
105982.682
106026.925
106037.986
106049.047
106054.578
106065.640
106071.170
106082.232
106087.761
106132.006
106148.599
106154.130
106165.190
106170.721
106181.781
106187.312
106198.373
106242.620
106253.680
106259.210
106270.272
106275.802
106281.333
106292.394
106297.924
106347.699
106353.230
106364.291
106369.822
106375.353
106386.414
106391.944
106403.008
106408.536
106452.782
106458.312
106469.373
106474.902
106491.496
106497.026
106508.086
106513.617
106557.863
106563.392
106574.453
106580.032
106591.046
106596.576
106607.636
106613.168
106662.943
106679.535
106690.596
106696.126
106707.220
106712.718
106723.779
106729.309
106795.679
106806.738
106812.270
106817.800
106828.864
106834.414
106845.453
106850.983
106862.044
106911.819
106917.350
106928.411
106933.941
106945.003
106950.534
106956.065
106967.125
107027.962
107039.023
107044.554
107055.615
107061.145
107072.207
107083.271
107088.799
107144.105
107149.634
107155.165
107166.228
107182.820
107188.350
107199.410
107204.942
107210.472
107265.778
107271.308
107276.838
107293.430
107298.960
107310.022
107315.558
107326.614
107376.388
107387.451
107392.983
107404.043
107409.573
107426.166
107431.696
107448.287
107503.594
107514.654
107525.715
107531.245
107547.837
107558.899
107564.429
107569.960
107581.022
107647.388
107658.449
107663.980
107675.043
107686.103
107691.633
107702.694
107708.224
107758.000
107774.592
107780.121
107785.653
107796.713
107807.774
107813.306
107824.366
107874.142
107879.674
107890.734
107896.285
107907.327
107912.856
107918.386
107934.978
107946.039
108006.876
108034.529
108040.060
108051.122
108056.651
108106.427
108117.488
108123.019
108134.080
108139.610
108150.686
108156.202
108167.263
108172.794
108244.692
108250.222
108261.283
108272.347
108277.876
108283.406
108294.468
108305.529
108360.835
108371.895
108377.426
108382.957
108394.018
108405.079
108410.610
108421.671
108482.507
108488.037
108499.099
108504.630
108510.160
108526.754
108537.815
108543.343
108554.405
108609.711
108615.241
108626.303
108631.833
108642.893
108653.954
108659.486
108670.546
108731.383
108742.444
108747.975
108759.037
108764.566
108781.160
108786.691
108797.751
108847.526
108858.587
108875.180
108880.709
108891.770
108897.302
108908.362
108913.894
108969.199
108980.260
108985.790
108991.322
109002.382
109013.444
109018.974
109030.036
109035.566
109096.402
109101.934
109118.526
109124.056
109135.117
109146.180
109151.708
109162.772
109212.565
109218.075
109223.607
109234.667
109240.197
109251.265
109256.789
109267.850
109317.625
109334.218
109339.754
109350.813
109356.339
109372.933
109378.463
109389.523
109395.054
109444.829
109455.890
109461.423
109472.482
109478.013
109489.073
109494.605
109505.665
109555.442
109560.971
109577.564
109583.094
109594.155
109599.686
109610.747
109616.277
109677.114
109688.175
109699.236
109704.767
109715.829
109721.359
109737.951
109749.012
109754.543
109820.909
109826.440
109837.502
109843.032
109848.562
109859.624
109870.685
109876.215
109937.052
109942.583
109953.651
109959.174
109975.767
109986.828
109997.888
110003.419
110058.725
110114.031
110119.561
110125.092
110136.154
110141.683
110158.276
110169.337
110174.867
110224.642
110230.173
110241.238
110246.765
110257.831
110263.356
110274.445
110279.948
110329.724
110340.786
110346.315
110357.376
110362.907
110368.438
110373.969
110385.029
110434.805
110445.866
110451.398
110462.461
110467.988
110479.053
110484.580
110495.645
110545.416
110550.947
110562.011
110573.071
110578.600
110584.131
110595.193
110606.254
110611.784
11065