# timecode format v2
0.000
5.532
11.060
16.592
22.122
27.653
33.183
38.713
44.244
49.776
55.305
60.836
66.369
71.898
77.428
82.959
88.489
94.021
99.551
105.081
110.611
116.142
121.672
127.203
132.734
138.265
143.795
149.326
154.856
160.387
165.917
171.449
176.980
182.510
188.039
193.571
199.102
204.632
210.163
215.693
221.224
226.754
232.284
237.817
243.346
248.877
254.409
259.938
265.468
271.000
276.529
282.059
287.591
293.121
298.651
304.183
309.712
315.245
320.774
326.304
331.835
337.365
342.896
348.429
353.957
359.488
365.021
370.550
376.080
381.612
387.140
392.671
398.226
403.733
409.264
414.795
420.325
425.855
431.387
436.917
442.448
447.978
453.507
459.040
464.569
470.100
475.632
481.161
486.692
492.223
497.754
503.284
514.345
519.877
525.426
530.937
536.468
541.998
547.528
553.060
558.590
564.120
569.651
575.181
580.713
586.243
591.773
597.303
602.835
608.366
613.897
619.426
624.957
630.488
636.017
641.548
647.080
652.629
658.140
663.673
669.201
674.733
680.263
685.794
691.323
696.855
702.384
707.915
713.445
718.976
724.506
730.037
735.569
741.099
746.629
752.160
757.691
768.753
774.284
779.817
785.344
790.875
796.405
801.954
807.466
812.996
818.532
824.057
829.588
835.121
840.650
846.180
851.712
857.243
862.772
868.303
873.833
879.364
884.893
890.425
895.955
901.486
907.016
912.547
918.077
923.609
929.140
934.670
940.201
945.734
951.262
956.791
962.322
967.852
973.383
978.914
984.444
989.975
995.507
1001.036
1006.566
1012.097
1023.162
1028.690
1034.220
1045.282
1050.812
1056.342
1061.873
1067.404
1072.934
1078.465
1083.997
1089.526
1095.056
1100.587
1106.118
1111.650
1117.179
1122.710
1128.240
1133.772
1139.301
1144.833
1150.363
1155.897
1161.424
1166.954
1172.485
1178.016
1183.546
1189.077
1194.610
1200.139
1205.670
1211.200
1216.730
1222.266
1227.792
1233.322
1238.851
1244.383
1249.913
1255.443
1260.974
1266.506
1272.035
1277.568
1283.096
1288.628
1294.158
1299.688
1305.220
1310.750
1316.280
1321.811
1327.341
1332.872
1338.402
1343.934
1349.464
1354.994
1360.525
1366.056
1371.585
1377.117
1382.647
1388.177
1393.708
1399.238
1404.769
1410.303
1415.832
1421.361
1426.892
1432.424
1443.485
1449.016
1454.546
1460.083
1465.607
1471.137
1476.667
1482.197
1487.729
1493.258
1498.789
1504.321
1509.850
1515.381
1520.912
1526.442
1531.974
1537.504
1543.034
1548.566
1554.095
1559.626
1565.156
1570.688
1576.217
1581.748
1587.300
1592.809
1598.340
1603.872
1609.401
1614.932
1620.464
1625.993
1631.524
1637.054
1642.585
1648.115
1653.645
1659.176
1664.707
1670.238
1675.768
1681.302
1686.829
1697.900
1703.423
1708.953
1714.503
1720.013
1725.543
1731.075
1736.605
1742.136
1747.666
1753.197
1758.728
1764.259
1769.788
1775.321
1780.850
1786.381
1791.913
1797.443
1802.972
1808.502
1814.035
1819.564
1825.094
1830.626
1836.158
1841.686
1847.221
1852.749
1858.278
1863.808
1869.341
1874.871
1880.402
1885.932
1891.462
1896.992
1902.524
1908.053
1913.584
1919.115
1924.645
1930.175
1935.707
1941.238
1946.768
1952.298
1957.829
1963.361
1968.890
1974.420
1979.951
1985.481
1991.012
1996.543
2002.080
2007.603
2013.135
2018.665
2024.195
2029.725
2035.257
2040.791
2046.319
2051.849
2057.382
2062.910
2068.441
2073.972
2079.501
2085.033
2090.563
2096.092
2101.631
2107.155
2118.218
2123.747
2129.277
2134.813
2140.338
2145.869
2151.399
2156.930
2162.461
2167.992
2173.522
2179.052
2184.583
2190.113
2195.645
2201.175
2206.706
2212.238
2217.767
2223.297
2228.829
2234.358
2239.889
2245.421
2250.950
2256.482
2262.011
2267.557
2273.072
2278.603
2284.134
2289.665
2295.195
2300.726
2306.255
2311.786
2317.317
2322.849
2328.379
2333.916
2339.440
2344.970
2350.500
2356.034
2361.561
2367.093
2372.624
2378.155
2383.685
2389.214
2394.745
2400.276
2405.806
2411.337
2416.867
2422.399
2427.929
2433.460
2438.990
2444.521
2450.052
2455.582
2461.112
2466.643
2472.174
2477.703
2483.235
2488.771
2494.295
2499.826
2505.356
2510.887
2516.418
2521.996
2527.479
2538.542
2544.073
2549.602
2555.132
2560.664
2566.196
2571.725
2577.255
2582.785
2588.315
2593.848
2599.377
2604.907
2610.438
2615.969
2621.501
2627.031
2632.561
2638.093
2643.622
2649.161
2654.683
2660.213
2665.744
2671.276
2676.805
2682.336
2687.868
2693.397
2698.929
2704.458
2709.990
2715.520
2721.050
2726.581
2732.111
2737.641
2743.172
2748.703
2754.233
2759.764
2765.294
2770.826
2776.374
2781.886
2787.417
2792.949
2798.479
2804.011
2809.540
2815.076
2820.600
2826.132
2831.662
2842.724
2848.253
2853.784
2864.845
2925.681
2931.212
2942.285
2947.803
2958.866
2969.926
2980.989
2986.519
2997.580
3058.416
3063.946
3075.007
3086.068
3097.129
3108.190
3130.315
3152.435
3202.211
3207.742
3218.804
3229.865
3235.395
3246.456
3251.986
3257.517
3318.353
3323.884
3329.415
3340.476
3351.537
3357.067
3368.128
3373.660
3434.497
3445.557
3451.087
3456.618
3467.681
3478.742
3484.272
3500.865
3556.170
3567.230
3572.760
3578.291
3589.353
3600.414
3611.474
3666.780
3672.312
3683.372
3688.902
3705.496
3722.088
3727.617
3738.678
3744.209
3793.984
3810.577
3821.637
3827.167
3838.248
3843.760
3849.290
3860.353
3915.657
3926.718
3932.249
3943.310
3948.840
3959.902
3965.454
3982.026
4037.330
4042.860
4048.393
4064.985
4076.045
4087.106
4092.655
4098.166
4159.003
4170.064
4181.127
4186.656
4197.717
4203.247
4208.779
4225.371
4286.206
4291.737
4302.798
4308.329
4319.390
4324.920
4335.992
4341.512
4402.349
4407.880
4418.940
4424.471
4435.533
4446.593
4452.124
4457.655
4562.736
4706.531
4723.126
4739.716
4750.777
4756.306
4767.367
4772.936
4783.961
4833.736
4839.265
4850.326
4855.857
4861.388
4872.449
4877.980
4889.043
4933.285
4938.815
4944.346
4955.408
4972.003
4977.530
4988.592
4994.122
5038.367
5054.959
5060.488
5071.550
5077.080
5082.612
5093.673
5104.733
5137.917
5160.040
5171.101
5176.630
5187.692
5193.225
5204.290
5209.815
5254.059
5259.591
5276.181
5287.249
5292.773
5298.304
5309.365
5320.428
5325.956
5370.201
5375.734
5392.342
5397.856
5408.940
5414.446
5425.508
5464.221
5486.345
5497.406
5502.936
5513.997
5519.528
5525.058
5536.120
5541.650
5591.425
5596.956
5602.487
5613.548
5619.078
5624.609
5635.670
5646.734
5690.976
5696.507
5707.568
5713.099
5718.629
5729.693
5735.221
5746.282
5790.527
5796.057
5801.588
5812.651
5818.180
5829.241
5834.771
5840.302
5884.547
5901.139
5912.201
5917.731
5928.792
5934.321
5945.384
5950.914
6006.220
6017.281
6022.811
6033.873
6039.403
6050.464
6055.994
6067.057
6122.362
6133.425
6138.955
6155.545
6161.076
6172.138
6177.667
6188.729
6244.036
6249.566
6260.628
6266.157
6271.687
6282.749
6288.279
6299.340
6354.647
6365.709
6376.769
6382.300
6393.360
6398.906
6415.483
6421.013
6481.850
6487.381
6492.911
6503.972
6515.034
6520.565
6531.625
6537.156
6597.992
6603.524
6614.584
6620.115
6631.176
6636.707
6642.237
6653.299
6714.137
6719.666
6730.729
6736.257
6747.320
6752.849
6758.379
6769.440
6780.503
6835.809
6846.870
6852.400
6863.462
6868.991
6880.052
6885.586
6896.666
6957.481
6968.542
6974.073
6985.135
6990.664
7001.728
7012.795
7018.317
7073.623
7090.216
7101.276
7106.807
7117.868
7123.398
7134.460
7139.990
7206.359
7217.418
7222.949
7228.479
7239.541
7245.071
7256.135
7267.194
7322.500
7328.030
7339.099
7344.622
7355.683
7361.218
7372.275
7377.805
7433.112
7444.174
7449.703
7460.765
7466.297
7477.357
7482.886
7493.948
7499.479
7565.845
7571.376
7582.438
7587.968
7599.031
7610.091
7615.621
7621.153
7676.457
7687.519
7698.581
7704.111
7715.172
7720.703
7731.766
7737.294
7792.599
7798.130
7809.191
7820.252
7831.313
7836.845
7842.376
7858.970
7914.272
7925.334
7936.398
7941.927
7947.456
7958.518
7969.580
7975.109
8041.478
8052.538
8058.068
8063.599
8074.661
8085.721
8091.253
8096.783
8107.847
8163.149
8174.211
8179.741
8190.804
8196.333
8207.395
8212.925
8218.456
8273.762
8290.352
8301.414
8306.945
8318.006
8323.536
8329.068
8389.904
8395.434
8400.965
8412.026
8417.557
8428.618
8439.680
8450.741
8456.270
8517.109
8528.169
8539.230
8544.760
8550.291
8561.352
8572.414
8577.944
8633.249
8644.310
8655.371
8660.902
8671.964
8677.494
8694.088
8705.150
8760.455
8765.984
8777.046
8782.575
8793.637
8799.168
8810.229
8821.290
8887.656
8893.188
8898.717
8909.779
8915.309
8926.370
8931.901
8942.964
8992.737
9009.330
9014.863
9031.452
9036.982
9048.043
9053.574
9064.637
9103.350
9285.861
9291.389
9302.451
9307.981
9324.574
9335.634
9341.164
9352.226
9396.470
9407.531
9418.593
9435.185
9440.717
9457.307
9462.838
9473.899
9518.143
9529.215
9540.267
9545.797
9556.859
9562.388
9573.450
9578.980
9623.225
9628.755
9639.818
9645.347
9656.446
9661.940
9673.001
9678.531
9689.592
9733.836
9744.897
9755.959
9761.489
9772.550
9778.081
9789.144
9838.917
9844.448
9855.510
9861.040
9872.103
9877.631
9888.693
9894.223
9905.285
9943.999
9955.060
9960.592
9971.653
9977.183
9988.244
9993.774
10004.836
10049.081
10060.141
10071.202
10076.736
10082.264
10093.325
10104.385
10109.917
10159.691
10170.753
10176.283
10187.344
10192.875
10203.938
10209.467
10220.529
10253.713
10259.243
10270.304
10275.834
10286.898
10292.426
10303.489
10309.017
10353.262
10358.793
10375.386
10380.916
10391.977
10397.507
10408.569
10414.099
10452.814
10463.875
10474.936
10480.465
10491.528
10497.058
10508.120
10513.649
10530.241
10546.834
10552.364
10574.487
10580.017
10591.078
10596.608
10602.140
10657.445
10668.506
10679.568
10685.098
10696.159
10701.689
10718.305
10723.813
10779.118
10790.180
10801.242
10806.770
10817.832
10823.362
10834.423
10839.955
10900.792
10906.321
10911.852
10922.913
10928.443
10939.505
10950.566
10961.628
10972.710
11027.994
11033.525
11044.585
11050.120
11061.179
11066.708
11083.300
11099.893
11160.729
11171.790
11182.851
11193.913
11199.443
11210.504
11216.034
11221.565
11282.402
11287.932
11298.994
11304.524
11310.055
11321.118
11326.647
11337.708
11387.482
11409.606
11420.666
11426.196
11437.258
11442.789
11453.849
11459.380
11520.216
11525.748
11536.809
11542.341
11553.400
11558.931
11569.994
11575.522
11630.829
11641.890
11652.952
11658.481
11669.542
11675.073
11686.134
11691.674
11752.501
11758.031
11769.093
11774.624
11785.685
11791.216
11796.746
11813.338
11879.705
11890.766
11896.296
11918.420
11929.481
11935.012
11946.073
11951.603
11957.134
12012.440
12029.032
12034.580
12045.623
12051.154
12056.684
12067.745
12078.807
12139.643
12150.704
12161.766
12167.296
12178.357
12183.888
12189.418
12200.481
12250.255
12261.316
12266.846
12277.908
12283.438
12294.500
12300.030
12311.091
12366.397
12377.458
12388.520
12399.580
12416.173
12421.703
12432.765
12443.826
12499.134
12510.193
12515.723
12521.253
12532.316
12543.376
12548.906
12559.969
12615.274
12626.334
12637.396
12648.458
12653.988
12665.051
12676.112
12681.641
12736.946
12775.661
12792.252
12797.783
12858.621
12864.150
12875.212
12880.742
12891.804
12897.334
12902.864
12913.927
12974.762
12985.823
12996.886
13007.946
13013.476
13024.538
13030.067
13041.130
13052.191
13107.496
13118.557
13129.618
13135.149
13140.680
13151.745
13168.334
13173.863
13229.169
13234.700
13245.761
13256.823
13267.883
13273.414
13290.006
13301.067
13350.844
13361.903
13372.964
13384.026
13389.556
13395.087
13406.149
13417.211
13478.045
13489.107
13500.169
13505.698
13516.760
13522.290
13533.351
13538.895
13599.718
13605.249
13616.310
13621.841
13632.901
13638.432
13649.493
13655.024
13660.555
13726.922
13737.984
13743.514
13754.577
13760.106
13765.636
13782.229
13787.758
13870.717
13876.248
13887.309
13892.841
13903.901
13909.433
13914.962
13926.024
13937.084
13981.329
13992.390
13997.922
14014.513
14031.105
14042.166
14047.696
14058.757
14097.475
14108.533
14119.594
14130.656
14141.716
14147.247
14152.777
14163.839
14174.901
14185.962
14191.494
14202.554
14213.613
14230.206
14241.266
14252.327
14302.103
14313.164
14318.695
14329.756
14335.287
14346.349
14357.409
14368.470
14418.246
14429.308
14434.839
14445.900
14451.429
14462.490
14468.032
14479.081
14484.612
14534.388
14545.449
14550.981
14562.041
14567.573
14573.102
14584.164
14628.408
14633.939
14645.001
14650.530
14656.061
14667.123
14672.653
14683.716
14689.245
14739.026
14744.551
14755.612
14766.675
14777.734
14783.264
14788.795
14838.570
14849.635
14855.162
14866.225
14871.754
14882.816
14888.346
14899.407
14943.653
14949.182
14954.713
14965.774
14971.305
14982.366
14987.896
14998.958
15043.202
15048.733
15054.264
15065.325
15070.856
15081.917
15087.447
15098.511
15104.039
15126.161
15137.222
15142.753
15153.815
15159.344
15170.406
15181.468
15186.998
15247.834
15253.364
15264.427
15275.487
15281.018
15292.079
15297.609
15308.670
15358.446
15369.508
15375.038
15386.099
15391.629
15402.691
15408.221
15419.283
15480.119
15485.649
15496.711
15502.241
15513.304
15518.833
15529.894
15585.200
15596.263
15601.791
15612.853
15618.384
15623.914
15634.975
15651.569
15657.097
15712.404
15723.464
15728.995
15734.526
15740.056
15751.117
15762.182
15773.242
15828.546
15834.076
15839.607
15856.200
15867.261
15872.791
15883.854
15889.382
15950.218
15961.281
15966.810
15977.873
15983.402
15994.465
15999.994
16011.057
16066.361
16077.423
16082.953
16094.017
16099.545
16110.606
16116.136
16121.667
16182.505
16193.565
16199.095
16210.157
16215.687
16221.217
16232.280
16243.341
16298.646
16309.708
16315.237
16320.768
16331.830
16342.893
16348.421
16359.483
16365.012
16420.319
16431.382
16442.441
16447.972
16459.033
16464.565
16481.155
16486.686
16547.523
16553.053
16564.115
16569.645
16580.706
16591.768
16602.829
16608.359
16663.686
16669.196
16685.790
16691.317
16702.379
16707.909
16713.441
16724.501
16774.277
16785.338
16796.400
16807.461
16812.991
16818.521
16829.583
16840.647
16895.950
16907.011
16912.541
16923.605
16934.665
16940.195
16945.725
16956.787
17012.094
17017.622
17028.686
17034.214
17045.277
17056.337
17061.867
17067.398
17122.704
17128.234
17139.296
17144.826
17155.888
17161.417
17172.482
17183.540
17244.377
17255.440
17260.969
17272.030
17277.560
17288.621
17294.152
17305.213
17354.988
17366.049
17371.580
17377.120
17388.173
17393.702
17410.294
17426.887
17482.192
17493.252
17498.784
17515.377
17526.437
17537.497
17548.560
17559.622
17620.456
17631.518
17637.048
17648.109
17653.640
17664.701
17670.233
17686.826
17753.191
17764.254
17775.314
17786.375
17791.905
17802.966
17808.497
17814.027
17825.091
17880.394
17885.925
17891.456
17902.517
17908.047
17919.108
17924.639
17941.232
17996.537
18007.599
18013.128
18024.190
18029.722
18035.252
18046.313
18057.373
18112.680
18118.209
18129.271
18140.334
18145.863
18156.926
18162.454
18173.517
18234.352
18245.416
18256.475
18262.006
18267.536
18278.597
18284.131
18295.189
18306.250
18438.987
18450.045
18455.577
18466.637
18477.699
18483.229
18494.291
18499.820
18549.597
18555.127
18571.718
18582.780
18588.310
18593.840
18604.902
18615.966
18621.494
18665.738
18682.330
18687.861
18698.924
18704.453
18715.514
18721.044
18726.575
18770.820
18781.883
18787.431
18798.473
18804.003
18809.533
18820.595
18826.125
18870.370
18881.431
18886.963
18898.024
18903.554
18914.638
18920.146
18936.737
18986.514
18997.573
19008.634
19014.165
19025.227
19036.290
19041.818
19052.879
19091.594
19108.186
19113.716
19124.777
19135.838
19141.369
19152.439
19157.960
19213.267
19224.328
19229.858
19240.920
19246.449
19251.981
19263.042
19268.572
19318.348
19323.878
19334.939
19340.470
19346.001
19357.062
19362.593
19368.124
19423.429
19428.960
19440.021
19445.552
19456.615
19467.675
19478.736
19495.326
19539.571
19545.101
19556.163
19561.694
19572.755
19578.285
19594.900
19605.938
19611.469
19650.183
19661.245
19672.305
19677.836
19683.367
19694.428
19699.959
19716.550
19777.386
19782.917
19799.510
19810.569
19816.101
19827.161
19832.692
19843.753
19904.590
19915.651
19921.182
19932.243
19937.773
19948.835
19954.365
19965.427
20026.264
20031.794
20037.327
20042.855
20053.919
20064.977
20070.509
20081.569
20136.877
20147.937
20153.467
20158.997
20170.059
20181.120
20186.650
20197.711
20253.017
20264.078
20269.609
20280.670
20286.201
20297.263
20302.794
20319.386
20380.221
20391.282
20402.343
20407.874
20413.421
20424.465
20435.527
20441.057
20496.363
20501.894
20507.426
20518.485
20524.017
20535.077
20540.608
20551.670
20562.730
20623.566
20640.158
20645.689
20656.773
20662.281
20673.342
20678.872
20689.933
20745.239
20756.301
20761.832
20772.895
20778.424
20789.486
20795.016
20811.607
20866.912
20877.975
20883.507
20889.037
20900.098
20911.171
20916.688
20927.749
20977.526
20988.585
20999.647
21005.177
21016.238
21021.769
21032.830
21038.378
21093.667
21099.198
21110.258
21121.319
21126.850
21137.911
21143.442
21148.973
21165.596
21226.400
21231.931
21237.462
21248.523
21259.586
21265.117
21276.177
21281.707
21342.543
21348.074
21375.726
21392.318
21403.379
21425.503
21436.563
21497.401
21508.461
21519.523
21525.053
21530.583
21541.645
21547.175
21558.239
21613.543
21624.604
21630.134
21641.196
21646.726
21657.788
21663.318
21668.848
21735.215
21740.745
21751.808
21757.339
21768.400
21773.929
21784.990
21790.520
21801.582
21856.889
21862.419
21873.480
21884.544
21890.071
21901.133
21912.196
21961.970
21973.030
21978.561
21989.623
21995.153
22006.214
22022.808
22033.868
22083.642
22094.703
22105.766
22116.826
22127.887
22133.417
22144.479
22150.009
22210.846
22216.376
22227.467
22232.970
22244.029
22249.561
22255.091
22266.153
22321.458
22332.519
22338.050
22343.582
22360.172
22365.703
22376.764
22382.294
22387.826
22448.661
22459.722
22465.253
22470.784
22481.845
22487.375
22492.906
22503.967
22559.273
22570.334
22581.395
22586.926
22592.457
22603.520
22614.579
22625.640
22680.949
22686.478
22697.538
22703.069
22714.131
22719.660
22730.722
22736.252
22741.782
22802.619
22813.681
22819.210
22830.272
22835.803
22846.866
22852.395
22913.231
22918.761
22929.824
22935.353
22946.414
22951.945
22963.006
22968.538
22979.598
23040.434
23045.966
23051.495
23062.558
23068.087
23079.149
23084.679
23095.743
23156.576
23162.115
23167.638
23184.230
23195.292
23200.821
23206.352
23217.414
23228.474
23278.250
23289.330
23294.842
23311.436
23316.964
23333.556
23339.086
23344.618
23405.453
23416.535
23422.045
23433.106
23438.638
23449.699
23455.229
23521.596
23532.656
23538.188
23549.249
23554.778
23565.840
23571.371
23582.431
23637.739
23648.800
23654.330
23665.391
23670.922
23687.514
23698.583
23704.105
23709.636
23764.942
23776.003
23787.065
23792.595
23798.125
23809.186
23814.717
23825.779
23875.553
23886.614
23892.145
23903.205
23908.736
23919.798
23925.329
23936.391
24008.287
24013.818
24024.881
24035.943
24041.471
24047.002
24063.593
24069.124
24124.430
24135.490
24146.553
24152.083
24163.143
24174.205
24179.736
24196.329
24257.164
24268.226
24279.286
24284.816
24295.878
24301.410
24312.469
24318.001
24378.836
24384.367
24395.429
24400.959
24412.021
24417.552
24428.612
24434.142
24445.206
24500.510
24511.571
24517.101
24528.165
24533.693
24544.754
24550.284
24561.346
24611.123
24622.183
24633.243
24644.305
24649.836
24655.367
24666.428
24683.019
24743.855
24749.386
24760.447
24765.978
24771.508
24777.040
24799.163
24810.224
24865.531
24876.592
24882.121
24887.651
24898.714
24904.243
24915.303
24920.835
24981.671
24998.263
25003.793
25014.855
25020.385
25036.980
25048.039
25053.569
25108.874
25119.938
25125.466
25136.528
25142.058
25153.120
25158.650
25164.181
25175.242
25230.548
25241.617
25252.670
25258.202
25263.731
25274.793
25285.855
25313.507
25368.814
25379.874
25390.935
25396.465
25407.526
25418.588
25424.118
25435.180
25490.486
25496.016
25501.547
25523.671
25529.199
25540.287
25545.792
25556.853
25612.158
25623.222
25628.750
25639.812
25645.341
25656.403
25661.933
25667.482
25728.301
25733.831
25744.894
25755.954
25761.484
25772.546
25778.076
25789.141
25849.974
25855.504
25861.035
25872.098
25883.160
25894.219
25899.750
25910.811
25966.116
25971.646
25982.708
25988.238
26004.830
26010.361
26015.891
26026.953
26043.545
26098.851
26104.382
26115.443
26120.973
26132.035
26137.565
26148.625
26159.687
26214.995
26231.585
26237.115
26253.707
26264.769
26275.829
26281.360
26286.890
26391.973
26519.175
26674.031
26773.582
26784.644
26790.174
26795.704
26806.769
26817.827
26828.888
26834.418
26873.134
26884.194
26895.255
26906.317
26911.847
26922.908
26933.968
26939.507
26983.769
26989.275
27000.335
27005.866
27016.927
27022.458
27033.519
27039.050
27088.825
27099.886
27105.417
27116.478
27122.010
27133.071
27138.600
27149.663
27193.906
27204.968
27216.031
27221.560
27232.622
27238.151
27249.213
27254.743
27298.989
27304.518
27315.580
27321.117
27332.172
27343.234
27348.763
27398.538
27404.069
27415.130
27420.666
27431.722
27437.253
27448.313
27453.845
27498.092
27503.620
27514.681
27520.211
27531.273
27536.812
27547.867
27553.394
27614.231
27625.293
27641.886
27652.945
27658.476
27669.538
27675.067
27691.660
27752.496
27763.557
27769.088
27780.157
27785.680
27796.741
27807.803
27818.864
27824.394
27879.700
27885.231
27896.292
27907.354
27918.433
27923.945
27929.475
27940.537
27990.311
28006.905
28012.434
28023.496
28029.025
28040.088
28045.638
28056.679
28117.515
28128.578
28134.106
28145.171
28156.232
28161.760
28172.821
28178.352
28244.719
28261.312
28266.842
28277.903
28283.434
28288.963
28300.025
28316.618
28377.453
28382.984
28394.048
28399.575
28410.637
28416.167
28427.228
28432.759
28443.821
28493.595
28504.657
28510.187
28515.718
28526.780
28537.840
28543.371
28548.901
28604.207
28609.737
28626.331
28631.859
28648.458
28653.983
28665.043
28670.574
28725.880
28736.945
28748.003
28753.534
28764.595
28770.125
28781.186
28786.717
28847.554
28853.084
28864.146
28869.676
28875.206
28886.268
28897.329
28908.393
28963.695
28969.226
28980.302
28985.820
28996.880
29002.409
29013.471
29019.001
29074.308
29085.369
29096.429
29101.960
29113.021
29118.551
29129.612
29135.143
29201.510
29212.572
29218.102
29234.724
29240.226
29251.286
29256.817
29267.878
29323.184
29334.246
29339.776
29345.306
29350.837
29367.430
29372.959
29378.489
29433.795
29439.326
29450.387
29455.917
29466.980
29472.509
29478.041
29494.633
29549.938
29560.998
29572.061
29577.591
29588.654
29594.183
29605.244
29610.775
29621.837
29677.142
29688.203
29693.735
29704.795
29710.325
29721.387
29726.918
29793.284
29804.346
29809.875
29826.468
29831.998
29843.059
29848.590
29859.651
29914.958
29926.017
29931.548
29937.079
29948.140
29959.201
29964.732
29975.792
29992.387
30047.690
30058.751
30064.282
30086.406
30097.467
30102.998
30108.527
30119.589
30180.425
30191.486
30197.017
30202.547
30213.609
30219.139
30230.201
30235.732
30291.037
30302.099
30313.158
30318.689
30335.282
30340.813
30351.873
30357.404
30412.710
30423.772
30434.832
30445.894
30451.424
30456.954
30468.016
30473.546
30523.321
30539.915
30562.036
30578.627
30584.159
30600.749
30606.280
30661.586
30672.649
30683.710
30689.240
30705.830
30716.892
30722.423
30733.486
30739.014
30888.341
30976.830
30987.891
30993.421
31004.484
31021.075
31026.606
31037.666
31043.198
31087.442
31098.504
31109.564
31115.094
31126.156
31131.686
31142.748
31148.278
31192.523
31203.584
31209.115
31214.646
31225.706
31231.245
31242.298
31247.829
31292.073
31297.603
31308.666
31314.195
31325.259
31330.788
31347.379
31352.909
31402.686
31413.746
31419.277
31435.869
31446.929
31452.460
31463.522
31474.583
31518.827
31524.358
31535.419
31546.480
31552.011
31563.072
31568.603
31579.663
31585.194
31634.969
31646.031
31651.561
31662.622
31668.158
31679.215
31690.277
31695.807
31751.112
31756.642
31773.236
31778.767
31784.296
31795.359
31806.418
31811.949
31834.071
31845.134
31856.194
31861.724
31872.785
31878.315
31883.846
31894.908
31955.744
31961.275
31972.335
31977.866
31983.398
31994.458
32005.522
32011.049
32027.644
32082.948
32088.479
32099.540
32110.603
32116.131
32127.193
32132.723
32193.562
32199.090
32210.151
32215.682
32226.743
32232.273
32237.804
32248.867
32254.396
32315.232
32320.763
32331.825
32337.355
32348.417
32353.947
32370.539
32376.069
32431.375
32442.438
32453.500
32459.028
32464.558
32481.150
32486.681
32497.742
32558.579
32564.109
32575.170
32586.231
32591.762
32597.293
32608.356
32613.884
32669.190
32680.252
32691.315
32696.843
32707.905
32713.434
32724.497
32730.027
32790.863
32796.394
32801.928
32812.986
32818.516
32829.579
32835.108
32846.170
32907.005
32912.536
32923.597
32929.127
32940.191
32951.250
32956.780
32962.311
33023.149
33039.741
33050.801
33061.866
33072.923
33078.454
33083.985
33095.047
33161.412
33166.943
33178.005
33183.535
33194.596
33205.657
33211.187
33222.250
33272.025
33283.085
33294.147
33305.209
33310.739
33321.801
33327.331
33338.392
33393.697
33410.289
33421.350
33426.881
33432.411
33449.004
33454.534
33465.595
33520.902
33531.964
33548.554
33554.084
33559.615
33565.147
33576.208
33581.738
33642.574
33648.104
33659.167
33670.227
33675.758
33686.819
33692.350
33697.880
33753.185
33758.716
33769.778
33775.308
33786.371
33791.900
33814.023
33825.083
33880.391
33891.450
33896.981
33908.043
33913.572
33924.635
33930.164
33941.227
33946.756
34002.062
34013.123
34024.185
34029.715
34040.781
34046.307
34057.368
34062.899
34112.674
34129.268
34140.327
34145.859
34156.918
34162.450
34167.980
34179.042
34228.816
34239.878
34256.469
34262.000
34267.530
34278.592
34289.654
34295.183
34356.019
34361.550
34372.613
34378.142
34389.203
34394.733
34400.264
34416.857
34477.692
34483.223
34494.284
34499.814
34516.407
34527.467
34532.999
34549.594
34555.122
34615.958
34621.488
34627.019
34638.081
34643.611
34654.672
34665.732
34671.277
34743.162
34754.223
34759.753
34765.283
34776.345
34781.875
34792.937
34804.000
34859.304
34864.834
34875.896
34886.959
34892.487
34903.549
34909.078
34920.140
34975.446
34986.508
34992.038
34997.568
35008.631
35014.160
35025.222
35036.283
35135.834
35163.485
35169.016
35174.546
35185.609
35196.670
35202.200
35207.731
35224.323
35279.628
35285.159
35296.220
35307.283
35312.812
35323.873
35329.403
35340.464
35395.771
35406.831
35412.362
35423.423
35428.967
35440.017
35445.545
35456.607
35511.912
35522.974
35534.035
35545.096
35550.626
35561.689
35567.219
35583.811
35639.116
35650.177
35655.708
35666.769
35672.300
35683.361
35694.422
35699.953
35755.259
35760.790
35777.382
35782.912
35788.442
35799.503
35816.097
35827.156
35882.463
35887.993
35899.054
35904.585
35915.645
35921.176
35932.238
35937.768
35954.361
36020.727
36026.258
36031.788
36042.851
36053.911
36059.442
36070.504
36076.035
36136.871
36142.400
36153.464
36164.524
36175.584
36186.645
36192.175
36203.238
36258.542
36269.604
36280.665
36291.728
36297.257
36308.319
36319.382
36324.910
36385.746
36396.807
36418.931
36424.460
36435.523
36441.052
36446.583
36457.644
36518.481
36529.542
36535.072
36540.603
36551.664
36557.195
36568.256
36584.848
36590.378
36651.217
36656.746
36667.807
36673.337
36684.398
36700.991
36706.520
36767.357
36778.419
36789.480
36795.011
36800.540
36811.603
36822.665
36833.725
36839.254
36894.560
36905.624
36911.152
36922.235
36927.744
36938.810
36944.336
36955.397
37005.172
37010.703
37021.763
37038.356
37043.886
37054.947
37060.478
37066.008
37126.844
37132.375
37143.438
37148.967
37165.561
37171.091
37182.151
37187.682
37248.521
37259.580
37270.641
37276.171
37281.702
37292.764
37303.824
37309.355
37370.191
37375.722
37381.252
37392.314
37397.844
37408.905
37425.498
37431.028
37436.560
37491.864
37497.394
37508.455
37519.518
37525.047
37536.108
37541.639
37596.945
37613.537
37624.599
37630.129
37641.190
37657.783
37663.312
37679.905
37685.435
37746.271
37751.803
37768.395
37779.455
37784.985
37796.046
37801.577
37807.107
37867.944
37879.006
37884.536
37895.598
37901.127
37906.659
37917.720
37923.251
37984.086
37995.148
38000.679
38011.741
38022.802
38028.331
38039.392
38050.454
38105.759
38111.301
38122.351
38127.883
38133.413
38144.475
38155.535
38161.066
38216.371
38227.432
38232.963
38244.024
38249.556
38255.085
38271.678
38288.268
38349.107
38354.636
38365.729
38371.228
38376.758
38387.819
38393.351
38404.411
38520.554
38653.287
38774.961
38896.634
38951.939
38963.001
38968.531
38979.592
38985.123
38996.184
39001.714
39007.245
39062.552
39068.082
39073.612
39084.674
39090.204
39101.266
39106.795
39123.388
39167.632
39173.163
39189.760
39195.285
39206.350
39211.877
39228.469
39239.530
39278.244
39294.837
39305.899
39311.427
39316.958
39328.019
39339.080
39344.611
39355.674
39405.447
39410.978
39422.039
39427.594
39438.634
39444.165
39455.223
39460.753
39510.529
39521.591
39527.120
39543.713
39554.805
39560.304
39571.365
39576.896
39621.140
39632.203
39643.263
39654.324
39659.855
39670.915
39676.446
39687.509
39737.283
39742.815
39753.875
39759.405
39770.468
39775.997
39787.060
39798.119
39842.365
39847.894
39864.487
39875.547
39881.079
39892.139
39897.670
39908.731
39947.445
39964.038
39975.098
39980.640
39991.690
39997.221
40008.282
40013.813
40063.587
40074.648
40080.179
40091.240
40096.777
40107.834
40113.364
40124.424
40163.139
40179.730
40196.322
40201.857
40212.914
40223.975
40229.505
40240.566
40295.872
40306.935
40317.995
40329.055
40334.587
40340.118
40351.178
40367.770
40384.362
40439.668
40450.729
40461.790
40467.320
40472.851
40483.912
40494.974
40500.504
40555.810
40561.340
40566.872
40577.932
40583.463
40594.525
40600.055
40616.672
40671.953
40677.483
40683.016
40688.544
40699.605
40705.137
40716.197
40721.728
40777.035
40782.566
40788.095
40799.156
40804.688
40815.749
40821.278
40832.342
40887.645
40898.707
40904.239
40915.299
40920.831
40931.890
40937.421
40948.485
41009.318
41020.381
41031.442
41036.972
41048.033
41053.564
41064.624
41070.155
41130.991
41136.522
41142.053
41153.117
41164.174
41169.706
41180.766
41186.297
41197.361
41252.665
41263.726
41269.256
41280.318
41285.850
41296.910
41302.440
41313.501
41368.807
41379.868
41385.399
41396.459
41401.990
41418.586
41429.643
41435.175
41496.010
41501.541
41507.072
41518.132
41529.195
41534.726
41545.787
41551.327
41612.154
41623.215
41634.275
41645.336
41650.866
41661.928
41667.459
41678.543
41728.295
41733.826
41744.887
41755.948
41767.010
41772.540
41789.132
41800.193
41855.498
41872.093
41883.152
41888.682
41894.213
41905.275
41910.805
41916.335
41971.641
41982.704
41988.233
41993.764
42004.825
42010.355
42021.417
42026.947
42087.784
42093.315
42104.375
42109.907
42120.971
42126.498
42137.559
42143.091
42203.930
42214.987
42220.518
42226.049
42237.110
42242.640
42253.701
42264.763
42270.293
42325.599
42331.130
42342.192
42347.721
42358.783
42369.846
42375.375
42386.435
42441.741
42458.335
42463.863
42480.456
42491.517
42502.578
42508.108
42519.169
42574.476
42580.006
42585.537
42596.598
42607.659
42613.196
42618.720
42629.782
42696.148
42701.679
42712.742
42718.270
42729.332
42734.863
42740.412
42751.456
42812.291
42817.821
42828.883
42834.413
42839.944
42851.006
42856.535
42862.068
42917.372
42928.434
42933.963
42945.024
42950.555
42989.269
43000.330
43061.167
43066.698
43077.759
43083.289
43094.351
43099.881
43105.411
43116.473
43171.779
43182.840
43193.902
43199.431
43204.964
43221.557
43227.085
43238.146
43287.922
43298.986
43310.044
43315.575
43326.636
43332.167
43343.227
43348.758
43354.293
43437.247
43442.778
43459.382
43464.900
43475.962
43492.554
43498.083
43509.145
43553.390
43558.920
43575.512
43581.042
43592.103
43603.165
43614.228
43630.818
43675.062
43686.123
43702.718
43719.308
43724.839
43735.900
43741.430
43746.960
43791.205
43807.799
43813.329
43824.389
43835.452
43857.572
43863.103
43874.165
43923.939
43935.001
43946.062
43951.592
43957.122
43968.185
43979.247
43990.309
44001.368
44040.081
44051.143
44056.701
44067.735
44073.265
44084.327
44089.857
44100.918
44139.632
44150.693
44156.224
44167.285
44172.816
44183.877
44189.408
44200.468
44244.713
44250.244
44261.305
44272.366
44277.897
44283.428
44294.489
44305.551
44360.856
44366.388
44377.448
44388.510
44394.039
44405.101
44416.161
44427.223
44471.469
44482.529
44488.060
44499.120
44510.182
44521.242
44526.773
44537.836
44543.365
44593.141
44604.201
44609.732
44615.263
44626.324
44637.386
44642.917
44692.691
44703.752
44709.283
44725.877
44731.406
44742.469
44747.997
44759.060
44819.895
44825.425
44830.956
44836.487
44847.548
44858.609
44864.139
44875.201
44880.731
44941.567
44947.099
44958.160
44963.690
44974.755
44980.282
44991.360
44996.874
45046.648
45057.710
45063.241
45074.301
45079.832
45085.363
45096.424
45113.016
45168.323
45179.383
45190.445
45195.975
45207.037
45212.566
45218.097
45234.688
45295.525
45301.056
45312.118
45317.649
45323.180
45334.240
45339.770
45356.362
45367.425
45428.259
45439.322
45450.382
45455.912
45466.974
45472.504
45483.568
45489.097
45549.933
45555.463
45560.994
45572.057
45583.117
45594.177
45605.240
45610.769
45660.544
45671.605
45682.667
45688.198
45699.260
45704.788
45715.851
45721.380
45782.217
45787.747
45793.280
45804.339
45809.870
45820.933
45826.461
45837.523
45892.829
45898.359
45914.951
45926.012
45931.543
45942.604
45948.135
45959.196
45964.726
46031.094
46042.155
46047.685
46058.759
46064.277
46069.808
46080.872
46091.931
46152.767
46163.829
46169.362
46185.952
46191.480
46202.543
46213.605
46219.133
46274.440
46285.500
46296.562
46307.647
46318.684
46324.215
46335.277
46346.337
46407.173
46418.237
46423.765
46434.828
46440.357
46451.418
46456.948
46468.010
46473.541
46528.847
46539.908
46545.441
46556.502
46562.030
46573.091
46578.622
46589.685
46656.051
46661.580
46672.642
46683.703
46689.233
46711.357
46716.888
46727.949
46788.785
46799.846
46816.438
46827.500
46833.029
46838.560
46849.622
46855.152
46910.457
46921.519
46938.112
46943.642
46954.704
46960.233
46965.763
46976.825
46987.886
47032.131
47043.191
47054.252
47059.783
47070.844
47076.377
47081.906
47092.968
47148.272
47159.336
47170.397
47175.926
47181.456
47198.048
47209.109
47214.639
47275.477
47286.538
47297.600
47303.129
47308.660
47319.722
47325.251
47336.313
47347.374
47408.211
47419.272
47424.803
47430.333
47441.394
47452.457
47457.987
47469.048
47524.353
47529.884
47540.946
47552.007
47563.067
47568.597
47574.128
47585.189
47640.495
47651.556
47657.088
47668.149
47673.680
47684.740
47690.271
47695.802
47756.638
47767.699
47773.229
47784.291
47795.353
47800.882
47811.945
47817.474
47823.004
47878.311
47883.841
47889.372
47900.432
47905.964
47917.024
47922.555
47933.616
47988.922
47999.983
48005.516
48016.577
48022.105
48038.699
48044.229
48055.290
48071.883
48132.717
48138.248
48154.840
48160.371
48165.901
48176.962
48193.555
48199.086
48243.329
48248.860
48259.922
48265.452
48276.513
48282.044
48293.105
48304.167
48353.941
48359.472
48365.003
48370.532
48381.594
48387.125
48398.186
48403.716
48453.492
48464.555
48481.145
48486.675
48497.737
48503.267
48508.797
48519.860
48525.390
48569.634
48575.165
48586.227
48597.296
48602.818
48613.884
48619.409
48624.940
48674.715
48685.805
48696.838
48702.368
48707.900
48718.962
48730.023
48735.552
48779.797
48790.858
48801.921
48812.988
48818.512
48829.572
48835.103
48846.164
48851.694
48895.942
48907.001
48918.062
48923.592
48929.123
48940.185
48951.245
48956.776
49006.551
49017.611
49023.143
49034.204
49039.734
49050.796
49056.327
49067.390
49122.693
49128.224
49133.755
49144.817
49155.877
49161.407
49172.469
49178.000
49222.246
49244.367
49260.958
49277.549
49283.080
49294.142
49310.734
49321.794
49327.325
49377.101
49388.162
49399.224
49404.753
49415.814
49421.345
49432.406
49437.937
49498.773
49504.304
49509.834
49520.896
49526.426
49537.487
49543.018
49554.083
49609.385
49620.464
49625.977
49631.507
49648.101
49653.630
49664.691
49670.222
49731.060
49736.588
49747.672
49753.180
49758.712
49769.773
49775.303
49780.833
49791.896
49847.200
49852.732
49858.262
49869.323
49874.853
49885.915
49891.444
49902.506
49952.281
49963.344
49968.874
49979.934
49990.996
49996.526
50007.587
50013.118
50073.954
50085.016
50090.546
50101.608
50112.669
50118.200
50123.730
50134.793
50140.323
50201.158
50212.219
50217.752
50228.813
50234.343
50245.405
50250.934
50261.996
50311.771
50328.362
50339.422
50350.484
50361.545
50367.075
50378.136
50383.667
50438.973
50450.034
50461.109
50466.626
50483.219
50488.749
50499.810
50505.340
50510.872
50566.178
50582.769
50588.299
50599.360
50604.892
50610.422
50621.484
50632.544
50682.333
50693.380
50704.441
50709.972
50721.034
50726.564
50743.157
50748.686
50803.992
50815.054
50820.583
50831.645
50837.175
50848.237
50853.768
50864.829
50920.136
50925.665
50936.750
50947.790
50953.318
50969.911
50975.442
50980.973
50992.034
51047.338
51052.868
51074.994
51086.053
51091.584
51097.113
51113.706
51124.767
51180.072
51191.134
51196.664
51207.725
51213.256
51218.787
51229.849
51240.909
51301.746
51307.276
51312.806
51323.868
51334.931
51340.460
51351.521
51357.051
51368.115
51423.420
51434.481
51440.010
51451.072
51456.601
51462.133
51473.194
51478.724
51534.030
51539.560
51545.093
51556.152
51561.684
51572.745
51589.336
51594.866
51650.172
51661.233
51672.295
51677.825
51694.418
51705.478
51711.013
51716.539
51777.376
51782.907
51793.967
51805.028
51810.559
51821.622
51827.152
51838.213
51843.743
51899.048
51910.110
51915.641
51926.701
51932.247
51943.293
51948.824
51965.418
52031.784
52037.313
52048.376
52053.906
52064.967
52070.497
52076.028
52087.090
52147.925
52153.456
52164.519
52175.580
52181.109
52192.170
52197.701
52203.232
52214.294
52269.600
52280.661
52286.190
52297.251
52302.782
52313.845
52319.374
52330.438
52385.741
52396.803
52402.333
52418.926
52429.987
52435.516
52446.578
52452.108
52507.414
52518.476
52529.537
52535.066
52540.597
52551.659
52557.189
52568.250
52667.801
52728.638
52734.170
52739.701
52750.761
52761.820
52767.352
52783.945
52795.004
52839.249
52850.310
52861.372
52866.902
52877.963
52883.494
52894.555
52900.093
52949.860
52955.391
52966.453
52977.513
52983.044
52994.106
52999.636
53010.697
53016.227
53066.004
53077.066
53082.598
53093.657
53099.187
53110.247
53115.779
53121.309
53165.554
53176.617
53182.145
53193.207
53198.737
53209.798
53215.329
53226.390
53276.165
53281.696
53287.227
53298.288
53303.819
53309.349
53320.411
53331.475
53337.002
53381.247
53386.777
53392.309
53403.369
53419.962
53425.493
53436.553
53442.084
53486.328
53491.859
53502.922
53508.450
53519.515
53525.042
53536.104
53541.634
53585.881
53591.409
53602.472
53608.000
53624.594
53630.124
53641.184
53652.245
53696.490
53702.021
53713.083
53724.143
53729.674
53735.205
53746.266
53751.796
53762.858
53812.632
53818.163
53829.225
53840.287
53845.816
53856.877
53873.470
53879.000
53906.652
53912.184
53923.246
53928.776
53939.836
53945.367
53956.428
53961.959
54028.325
54039.389
54050.448
54055.979
54061.509
54072.571
54078.100
54089.168
54094.693
54155.529
54161.060
54172.123
54188.714
54194.244
54205.306
54210.836
54221.897
54277.202
54293.794
54299.324
54310.386
54321.447
54326.978
54338.040
54343.569
54404.406
54409.936
54420.998
54426.528
54437.590
54443.119
54454.182
54459.714
54526.079
54531.609
54542.671
54548.201
54559.263
54564.793
54570.324
54581.384
54592.447
54647.751
54664.353
54680.936
54686.466
54697.527
54703.057
54714.119
54719.650
54774.956
54786.017
54791.547
54802.609
54813.682
54819.200
54830.262
54835.792
54896.628
54907.689
54918.751
54929.813
54935.344
54946.406
54957.465
54968.527
55034.893
55040.424
55051.486
55057.015
55068.078
55073.608
55079.138
55084.668
55101.261
55156.566
55162.097
55173.158
55184.223
55189.750
55200.811
55206.341
55211.872
55272.708
55289.301
55300.362
55305.894
55316.954
55322.483
55333.546
55339.077
55399.912
55410.973
55416.503
55427.564
55444.158
55455.223
55460.749
55466.279
55477.341
55521.585
55532.647
55543.709
55549.237
55560.298
55565.855
55576.890
55582.421
55648.788
55654.319
55665.381
55670.911
55676.441
55687.503
55698.564
55704.095
55764.930
55770.461
55781.524
55787.055
55798.116
55803.645
55814.706
55820.237
55831.298
55897.665
55908.726
55919.789
55925.318
55930.848
55941.910
55958.503
55969.563
56019.337
56024.868
56041.461
56046.991
56058.052
56069.113
56074.645
56080.175
56141.011
56146.541
56152.072
56163.133
56174.195
56179.725
56185.256
56196.317
56257.153
56268.214
56279.278
56290.338
56295.869
56306.929
56312.460
56317.990
56323.520
56384.357
56395.418
56400.948
56406.480
56417.541
56428.602
56434.132
56445.193
56494.968
56500.531
56511.561
56533.683
56544.746
56555.807
56566.866
56572.396
56633.234
56638.764
56649.826
56655.356
56666.417
56671.947
56683.008
56688.540
56743.845
56760.438
56771.498
56777.029
56788.090
56793.620
56804.684
56810.212
56821.274
56876.579
56893.173
56904.232
56909.762
56920.825
56926.354
56931.885
56942.947
57003.783
57009.313
57014.845
57025.906
57036.967
57042.497
57059.090
57064.620
57119.925
57125.458
57142.049
57147.579
57158.640
57164.170
57169.701
57180.762
57236.071
57291.373
57296.904
57307.966
57313.496
57324.556
57330.087
57335.618
57346.680
57390.926
57407.517
57413.046
57424.109
57429.638
57435.169
57446.230
57457.290
57496.005
57501.535
57512.596
57523.658
57529.188
57540.249
57545.780
57556.842
57601.086
57612.148
57623.209
57628.740
57639.802
57645.331
57661.924
57672.986
57678.514
57728.290
57733.821
57744.882
57750.413
57767.004
57778.065
57783.596
57789.126
57833.374
57844.432
57849.964
57866.555
57877.617
57883.146
57899.739
57905.269
57949.514
57955.044
57966.107
57971.638
57982.698
57993.758
57999.289
58004.820
58054.595
58065.659
58071.187
58082.249
58087.778
58093.309
58104.371
58109.900
58120.963
58165.207
58176.269
58181.798
58187.329
58198.390
58203.921
58209.451
58220.512
58270.288
58281.350
58297.941
58303.471
58320.065
58331.124
58336.655
58347.717
58391.961
58403.022
58414.085
58419.613
58425.144
58436.205
58447.267
58458.329
58502.573
58513.634
58519.164
58530.226
58535.757
58541.286
58552.350
58557.881
58568.941
58629.775
58635.306
58651.898
58662.960
58668.490
58679.551
58685.082
58690.613
58751.471
58762.510
58768.040
58779.102
58784.632
58795.694
58801.224
58812.287
58873.122
58884.184
58889.713
58900.778
58906.306
58917.367
58922.897
58933.958
58939.489
58994.795
59005.878
59011.387
59022.448
59033.510
59039.040
59044.570
59055.631
59121.998
59133.061
59138.590
59149.653
59160.716
59166.243
59177.304
59182.835
59238.140
59249.201
59254.732
59265.793
59271.324
59282.386
59287.916
59298.977
59304.517
59365.344
59370.875
59381.938
59387.467
59404.060
59409.590
59420.650
59426.181
59481.487
59492.550
59503.608
59509.139
59514.670
59525.731
59536.793
59542.324
59597.629
59608.690
59619.752
59625.282
59636.343
59641.873
59658.467
59663.997
59675.058
59730.363
59741.424
59746.955
59758.016
59763.546
59774.608
59780.138
59791.200
59852.037
59863.099
59868.629
59879.691
59901.813
59907.343
59918.403
59929.464
59984.771
60001.362
60012.422
60017.953
60029.015
60034.546
60040.076
60051.137
60111.974
60117.504
60128.566
60145.157
60156.218
60167.282
60178.342
60183.873
60194.932
60255.770
60272.362
60283.423
60288.953
60294.484
60305.545
60316.606
60322.136
60382.973
60388.503
60394.034
60405.095
60421.689
60432.748
60438.278
60449.341
60504.646
60510.176
60521.237
60532.299
60537.829
60548.891
60554.421
60559.952
60571.013
60631.851
60637.380
60648.442
60653.972
60665.033
60670.565
60681.626
60687.155
60736.930
60753.523
60764.584
60770.114
60781.176
60786.706
60792.236
60803.298
60858.604
60864.134
60869.665
60880.728
60886.256
60897.318
60902.849
60913.911
60919.441
60980.276
60985.807
60996.872
61002.416
61013.461
61018.991
61030.053
61035.582
61090.889
61101.950
61107.480
61118.542
61124.072
61135.134
61146.195
61151.725
61212.561
61218.093
61229.153
61234.683
61251.276
61262.338
61267.867
61273.397
61334.236
61345.295
61356.356
61361.887
61372.949
61378.479
61384.013
61395.071
61450.376
61461.439
61472.500
61478.029
61483.560
61494.622
61500.153
61511.214
61522.276
61577.583
61583.111
61594.172
61599.702
61610.764
61621.825
61627.355
61632.886
61693.722
61699.253
61704.784
61715.846
61726.906
61732.436
61737.968
61749.032
61809.865
61820.927
61831.988
61843.049
61848.579
61859.641
61865.170
61876.233
61892.824
61931.539
61953.661
61970.252
61981.313
61992.376
61997.905
62008.966
62014.496
62064.276
62080.866
62091.925
62097.455
62102.986
62114.048
62125.109
62130.639
62185.944
62191.493
62202.537
62208.068
62213.598
62224.659
62230.189
62241.253
62246.781
62307.618
62313.148
62324.211
62329.741
62335.271
62340.801
62346.333
62357.393
62418.231
62429.291
62434.821
62445.883
62451.413
62462.474
62468.005
62473.535
62528.841
62534.373
62550.965
62562.025
62567.555
62578.617
62595.210
62600.739
62611.801
62667.105
62678.167
62683.697
62700.290
62711.350
62716.881
62727.942
62733.473
62794.309
62805.370
62810.901
62827.494
62833.024
62838.554
62849.615
62860.677
62921.513
62932.574
62938.104
62949.166
62954.696
62965.757
62971.288
62982.349
63043.186
63054.247
63059.778
63070.840
63076.370
63087.432
63098.495
63104.023
63115.086
63164.859
63175.921
63186.981
63192.512
63203.573
63209.104
63220.165
63225.698
63281.001
63292.062
63303.132
63319.718
63325.246
63341.839
63347.369
63358.429
63413.735
63430.328
63441.389
63446.918
63457.982
63463.511
63469.041
63480.104
63540.939
63546.469
63552.001
63563.062
63568.592
63579.653
63590.717
63596.245
63657.082
63662.612
63673.676
63679.205
63690.265
63695.796
63701.326
63712.387
63717.918
63773.225
63778.754
63789.816
63795.346
63806.409
63811.938
63822.999
63828.530
63889.366
63894.897
63900.428
63911.491
63922.552
63933.611
63939.144
63950.202
63999.978
64011.039
64022.100
64027.631
64038.692
64044.223
64055.309
64060.814
64071.876
64127.182
64138.242
64143.773
64149.305
64160.366
64165.896
64176.960
64182.487
64237.793
64243.325
64259.917
64265.447
64276.508
64282.038
64293.098
64298.630
64353.936
64359.466
64370.528
64381.588
64387.120
64398.182
64403.710
64414.773
64475.608
64486.669
64492.200
64503.261
64508.792
64519.854
64525.386
64536.445
64541.976
64597.281
64608.342
64619.406
64624.934
64635.996
64641.526
64652.587
64658.118
64718.954
64724.485
64735.546
64741.085
64752.138
64763.199
64779.790
64785.321
64840.628
64851.688
64868.283
64873.812
64884.874
64890.403
64901.465
64906.994
64912.525
64967.832
64973.362
64989.954
64995.484
65006.546
65017.606
65023.137
65034.199
65089.505
65100.565
65106.098
65122.689
65128.219
65139.279
65144.810
65150.340
65189.054
65426.869
65487.706
65498.769
65504.313
65515.360
65526.421
65531.951
65543.014
65592.788
65598.318
65603.849
65609.379
65620.440
65631.521
65642.563
65648.093
65659.154
65697.868
65703.399
65714.460
65725.524
65731.053
65742.114
65747.644
65758.730
65797.419
65808.480
65814.011
65825.074
65830.603
65841.665
65847.195
65858.255
65902.501
65908.031
65913.562
65930.154
65935.685
65946.746
65957.807
65963.337
65974.399
66018.643
66029.704
66040.765
66046.299
66057.373
66062.888
66073.948
66079.479
66123.727
66129.255
66140.318
66145.846
66156.909
66162.438
66173.499
66179.030
66223.274
66239.866
66245.397
66256.458
66261.989
66273.050
66278.581
66289.643
66295.172
66344.947
66356.009
66361.539
66372.602
66378.131
66389.193
66394.723
66405.784
66444.499
66461.091
66466.621
66477.682
66483.213
66488.743
66499.806
66505.335
66549.581
66560.643
66566.171
66577.233
66582.764
66593.826
66599.354
66604.885
66632.539
66643.601
66649.130
66654.661
66665.723
66676.784
66682.313
66687.845
66698.906
66754.211
66770.805
66776.334
66781.865
66792.926
66803.988
66809.518
66820.602
66864.823
66881.415
66892.476
66898.006
66909.068
66914.599
66920.129
66931.190
66992.026
66997.559
67008.620
67014.149
67025.211
67030.741
67041.805
67047.333
67102.639
67108.169
67113.701
67130.293
67135.822
67146.884
67152.415
67157.945
67169.005
67224.312
67229.841
67240.903
67246.433
67251.966
67263.025
67268.556
67279.617
67334.923
67345.984
67351.515
67362.577
67368.106
67384.701
67395.761
67401.292
67467.659
67473.189
67478.719
67489.780
67500.841
67506.371
67517.434
67522.963
67534.024
67589.330
67594.861
67605.922
67616.983
67622.513
67639.108
67644.637
67655.698
67711.003
67722.065
67733.127
67738.656
67749.717
67755.248
67760.779
67771.843
67821.616
67827.146
67838.207
67843.737
67854.799
67860.329
67871.390
67876.922
67887.983
67954.349
67959.879
67970.942
67976.471
67987.533
67993.063
68009.696
68015.186
68070.493
68076.022
68087.083
68098.144
68109.205
68120.267
68125.797
68142.391
68197.695
68203.226
68214.287
68219.819
68230.880
68241.939
68247.470
68258.531
68264.062
68319.369
68335.961
68347.021
68352.552
68363.614
68369.144
68374.674
68385.736
68441.041
68452.103
68463.163
68468.694
68479.757
68485.285
68496.347
68501.877
68557.183
68568.244
68579.305
68590.367
68595.897
68601.429
68612.489
68618.020
68684.387
68689.917
68700.979
68706.509
68712.041
68723.102
68739.696
68750.755
68806.060
68817.122
68822.652
68833.713
68839.243
68844.788
68855.836
68866.898
68872.427
68933.263
68938.794
68949.856
68955.386
68966.448
68971.978
68983.041
68994.101
69049.406
69054.937
69066.000
69071.549
69082.589
69088.121
69099.181
69104.711
69160.019
69165.550
69176.609
69182.140
69187.670
69198.751
69215.324
69231.918
69298.283
69314.877
69320.404
69331.466
69336.997
69342.527
69348.058
69353.589
69364.650
69425.486
69431.017
69436.547
69447.610
69453.139
69464.201
69469.730
69480.793
69536.097
69547.159
69552.690
69563.752
69580.342
69585.873
69596.935
69602.465
69657.770
69663.301
69668.832
69679.894
69685.423
69696.484
69702.015
69713.077
69718.607
69768.382
69784.975
69796.036
69801.566
69818.158
69823.691
69829.219
69840.281
69939.831
69950.892
69956.422
69967.484
69973.014
69984.075
69989.606
70000.666
70044.912
70050.442
70055.973
70067.036
70083.627
70089.157
70100.218
70105.749
70116.809
70155.523
70166.585
70172.115
70188.708
70199.769
70205.299
70216.360
70221.891
70271.666
70282.727
70288.257
70304.850
70310.380
70326.972
70338.033
70343.563
70393.339
70404.402
70409.937
70420.992
70426.524
70437.586
70443.114
70454.177
70459.706
70509.481
70515.015
70526.075
70537.134
70542.665
70548.196
70559.258
70564.787
70614.562
70620.093
70631.155
70636.685
70647.746
70658.810
70664.338
70675.399
70714.113
70725.175
70730.706
70741.766
70747.297
70758.358
70763.890
70774.949
70813.664
70835.787
70846.848
70852.378
70857.909
70868.971
70874.501
70885.562
70929.806
70940.868
70946.398
70951.928
70962.990
70968.521
70979.582
70985.112
70996.176
71045.950
71051.479
71057.010
71068.071
71079.134
71084.663
71095.724
71101.254
71145.499
71151.029
71162.093
71167.622
71178.683
71184.213
71195.274
71200.805
71222.927
71233.989
71245.050
71256.111
71261.641
71267.172
71278.233
71283.764
71339.071
71350.131
71355.661
71366.723
71372.253
71383.316
71388.845
71399.907
71410.969
71466.274
71477.334
71482.865
71493.927
71504.988
71510.518
71516.050
71527.110
71582.417
71593.478
71599.008
71610.070
71615.599
71621.130
71632.192
71643.254
71698.558
71709.619
71715.150
71726.212
71731.741
71748.334
71759.395
71764.925
71770.456
71825.764
71831.293
71842.353
71847.885
71858.946
71864.475
71870.006
71881.069
71936.373
71941.904
71952.966
71964.027
71975.088
71980.618
71991.682
71997.210
72058.046
72063.577
72074.641
72080.168
72091.230
72096.760
72102.291
72113.352
72174.189
72179.719
72190.782
72196.312
72201.841
72212.903
72218.433
72223.965
72229.495
72284.802
72295.862
72306.923
72312.453
72317.984
72329.046
72340.109
72345.639
72400.943
72412.005
72417.537
72439.659
72450.719
72456.249
72461.779
72472.842
72533.677
72544.739
72550.269
72561.330
72566.861
72572.391
72577.923
72588.983
72649.819
72655.350
72666.412
72671.942
72677.474
72688.533
72694.064
72705.125
72710.655
72765.962
72777.022
72788.084
72793.615
72804.676
72810.207
72821.268
72826.798
72887.636
72904.227
72909.757
72920.819
72931.881
72942.942
72948.471
72959.534
73009.310
73014.838
73025.900
73031.429
73042.491
73048.021
73059.082
73064.619
73119.919
73130.981
73136.511
73147.573
73153.103
73164.164
73169.694
73180.757
73247.123
73263.715
73274.777
73285.838
73291.367
73296.898
73302.430
73357.736
73363.268
73374.328
73385.389
73390.918
73413.044
73424.103
73429.633
73490.470
73495.999
73512.592
73529.184
73534.715
73545.775
73551.306
73556.836
73612.142
73617.675
73628.735
73634.265
73645.326
73650.857
73661.917
73667.448
73678.509
73728.284
73739.345
73744.876
73750.407
73761.468
73766.998
73778.061
73783.591
73844.426
73849.957
73855.487
73866.550
73877.612
73883.141
73894.202
73899.734
73960.569
73971.630
73982.691
73988.222
73999.283
74004.814
74010.344
74021.405
74087.774
74098.834
74104.365
74109.895
74115.426
74132.020
74137.548
74148.609
74154.140
74220.507
74226.037
74237.100
74248.160
74253.690
74264.752
74270.282
74275.813
74336.651
74342.180
74353.243
74358.772
74369.835
74380.895
74386.425
74397.486
74485.975
74497.036
74502.567
74513.629
74519.159
74535.752
74557.874
74574.465
74579.995
74635.301
74651.894
74657.423
74674.016
74685.076
74690.607
74701.669
74712.731
74768.036
74773.566
74784.628
74790.158
74801.219
74806.750
74817.810
74823.343
74873.116
74884.177
74889.730
74900.768
74906.300
74917.360
74922.891
74933.954
74939.483
75000.319
75016.932
75022.443
75033.504
75039.035
75050.096
75055.625
75066.687
75121.996
75133.055
75138.585
75149.649
75160.706
75171.768
75182.829
75188.359
75249.196
75254.727
75265.789
75271.319
75276.849
75293.444
75304.502
75310.034
75321.094
75370.872
75376.402
75387.463
75392.991
75404.053
75409.584
75415.114
75426.175
75475.950
75498.074
75503.604
75514.666
75525.725
75531.257
75542.319
75547.849
75608.685
75614.215
75625.277
75630.807
75641.868
75647.398
75658.460
75663.991
75669.521
75730.358
75741.419
75746.950
75758.010
75763.541
75769.072
75780.134
75785.663
75846.500
75852.031
75863.091
75868.623
75879.685
75896.275
75901.805
75907.336
75973.703
75984.765
75990.295
76006.888
76017.948
76023.478
76034.540
76040.070
76100.907
76106.437
76117.499
76123.029
76128.560
76139.624
76150.684
76156.213
76167.275
76222.580
76228.111
76239.172
76244.702
76255.763
76261.294
76272.355
76277.886
76338.723
76349.784
76360.846
76366.375
76371.906
76382.968
76394.031
76399.559
76454.865
76465.926
76476.988
76488.049
76493.579
76504.640
76510.172
76515.701
76526.763
76582.068
76587.599
76598.660
76604.190
76615.252
76626.315
76631.844
76637.374
76698.210
76709.271
76714.802
76725.863
76736.926
76747.986
76753.517
76764.578
76814.354
76819.886
76836.476
76842.006
76853.068
76858.597
76869.659
76875.189
76930.498
76941.557
76952.618
76958.149
76969.210
76974.740
76980.271
76991.333
77002.396
77057.699
77063.230
77074.293
77085.353
77090.883
77101.945
77107.474
77118.536
77179.372
77184.903
77190.434
77195.964
77207.025
77212.555
77223.616
77229.147
77284.454
77295.515
77306.576
77312.106
77328.699
77334.229
77345.290
77350.820
77406.127
77422.720
77428.249
77439.310
77444.841
77450.371
77461.433
77472.494
77478.024
77527.799
77533.330
77544.391
77560.984
77566.514
77572.044
77583.106
77594.167
77649.472
77666.065
77671.594
77682.657
77693.718
77699.247
77710.308
77715.840
77776.676
77787.737
77798.797
77804.329
77815.394
77820.921
77826.451
77837.513
77854.105
78047.675
78147.225
78152.755
78158.286
78174.879
78180.409
78191.470
78202.558
78208.062
78246.776
78263.368
78268.899
78274.428
78279.960
78296.550
78307.613
78324.204
78335.265
78385.041
78396.103
78401.632
78412.694
78418.224
78429.288
78440.347
78445.878
78490.121
78501.183
78512.246
78523.308
78528.836
78539.898
78545.428
78556.489
78600.737
78611.795
78617.326
78628.387
78633.918
78644.978
78650.509
78656.040
78700.284
78711.347
78716.876
78727.938
78733.468
78738.999
78750.060
78755.590
78772.184
78816.426
78827.488
78833.018
78844.080
78855.142
78860.671
78871.733
78877.263
78915.978
78921.508
78932.571
78943.630
78954.692
78960.222
78971.284
78982.345
79021.059
79032.120
79037.650
79048.711
79054.242
79065.303
79076.364
79081.895
79092.957
79137.201
79142.731
79148.262
79159.323
79164.853
79186.977
79192.507
79203.569
79242.281
79247.812
79253.343
79264.424
79275.467
79280.996
79292.058
79297.588
79352.895
79363.955
79369.486
79380.547
79386.078
79391.630
79402.670
79413.731
79419.260
79480.098
79485.627
79496.689
79502.219
79518.839
79524.343
79535.403
79540.935
79596.239
79607.300
79612.831
79623.892
79640.484
79646.014
79657.076
79668.137
79723.443
79728.974
79740.034
79751.096
79756.626
79767.690
79778.751
79784.281
79845.116
79850.646
79867.240
79878.299
79883.830
79894.892
79900.422
79911.483
79917.013
79972.319
79983.382
79994.442
79999.973
80016.564
80022.095
80033.158
80038.686
80099.523
80105.054
80116.116
80121.645
80132.707
80138.238
80143.767
80154.829
80210.135
80221.195
80232.258
80237.787
80248.849
80254.380
80265.442
80270.971
80282.034
80342.869
80348.399
80353.931
80359.461
80376.053
80387.113
80392.644
80403.705
80464.542
80475.604
80481.134
80492.194
80503.256
80508.787
80519.848
80525.378
80591.746
80602.807
80608.337
80613.868
80624.931
80635.993
80641.521
80652.582
80702.358
80713.419
80724.479
80730.010
80741.071
80746.602
80757.663
80763.194
80829.561
80835.095
80840.622
80851.683
80857.214
80868.276
80879.337
80895.928
80951.234
80962.297
80967.826
80978.887
80984.418
80995.479
81001.009
81012.071
81017.600
81072.906
81083.968
81100.561
81111.623
81117.152
81122.682
81133.744
81139.277
81200.111
81205.641
81216.702
81222.235
81233.294
81238.825
81249.886
81255.417
81316.252
81321.783
81332.844
81338.375
81349.436
81354.967
81366.028
81371.559
81382.620
81437.926
81448.987
81454.518
81471.112
81476.640
81487.701
81493.232
81498.762
81554.069
81559.598
81570.660
81576.190
81587.251
81592.782
81603.843
81609.374
81675.741
81692.333
81697.863
81703.394
81714.455
81725.518
81731.048
81742.110
81747.639
81802.944
81819.537
81830.598
81836.128
81847.190
81852.720
81863.781
81919.087
81941.212
81963.332
81968.862
81974.393
81985.457
81990.985
82002.047
82057.352
82068.414
82079.474
82085.005
82090.535
82101.597
82107.127
82112.658
82123.719
82184.555
82195.616
82206.678
82212.208
82223.271
82228.800
82239.862
82250.922
82306.228
82322.820
82328.351
82344.942
82356.004
82361.534
82367.065
82378.128
82433.432
82438.962
82444.492
82455.554
82461.085
82472.147
82477.676
82488.740
82549.574
82555.105
82560.636
82571.698
82577.226
82588.289
82599.350
82604.880
82610.411
82765.267
82898.002
82909.064
82920.125
82925.654
82936.715
82942.246
82947.776
82958.862
82964.369
83008.613
83019.675
83030.737
83041.797
83047.327
83058.389
83063.919
83074.981
83119.224
83130.287
83141.346
83146.878
83152.408
83169.002
83185.592
83196.653
83235.367
83246.430
83251.960
83263.022
83279.613
83285.143
83296.205
83312.796
83329.387
83340.449
83351.511
83357.040
83362.571
83373.633
83384.694
83395.754
83401.285
83445.530
83456.591
83467.652
83478.714
83484.243
83489.775
83495.307
83506.368
83550.610
83561.672
83572.733
83594.857
83605.917
83611.448
83616.978
83628.040
83666.753
83677.814
83683.346
83694.408
83705.467
83710.997
83722.060
83727.591
83738.650
83788.426
83799.488
83805.018
83816.080
83821.610
83832.672
83843.734
83849.263
83899.039
83904.569
83915.631
83926.693
83932.222
83943.283
83948.814
83954.344
83998.588
84004.120
84015.180
84026.243
84031.772
84042.833
84048.363
84059.425
84064.956
84098.140
84114.732
84120.262
84131.322
84136.853
84147.941
84153.445
84158.976
84219.812
84230.873
84236.404
84241.935
84252.996
84264.058
84269.587
84280.649
84335.954
84347.017
84352.546
84363.608
84374.669
84385.730
84396.790
84402.321
84413.382
84474.220
84479.751
84490.811
84501.872
84507.403
84512.934
84523.994
84535.056
84590.362
84601.425
84606.955
84623.545
84629.075
84640.137
84645.667
84656.728
84712.034
84723.095
84739.689
84745.219
84750.749
84761.812
84772.873
84778.402
84789.463
84844.769
84861.362
84866.891
84877.952
84883.483
84889.014
84894.545
84900.075
84955.403
84966.444
84971.972
84983.035
84988.564
84999.625
85005.156
85016.218
85077.054
85088.115
85093.646
85099.177
85110.240
85115.768
85126.829
85132.359
85187.665
85198.729
85204.258
85215.320
85220.849
85231.912
85237.441
85242.972
85259.563
85314.869
85325.931
85331.460
85348.052
85364.645
85375.706
85381.236
85392.297
85442.072
85458.665
85469.725
85480.786
85486.317
85497.378
85502.909
85513.971
85574.806
85580.337
85591.400
85602.460
85607.990
85619.054
85624.583
85635.643
85641.174
85696.480
85707.541
85718.603
85724.132
85729.663
85740.724
85746.255
85757.317
85812.623
85823.684
85829.214
85840.276
85845.805
85856.867
85867.927
85873.461
85934.294
85939.825
85945.356
85956.418
85967.482
85973.009
85978.540
85989.600
86000.661
86050.437
86067.029
86072.559
86083.621
86100.213
86105.743
86116.805
86122.336
86183.171
86188.703
86205.295
86210.824
86221.885
86227.416
86238.477
86244.008
86304.844
86310.374
86321.436
86326.967
86338.027
86343.558
86354.619
86360.151
86371.213
86426.517
86437.578
86443.116
86454.174
86459.700
86470.763
86476.292
86487.355
86542.659
86553.720
86559.251
86570.313
86575.843
86586.904
86592.435
86603.496
86664.333
86675.394
86680.924
86691.985
86697.516
86703.047
86714.107
86725.170
86786.006
86797.066
86808.128
86824.721
86830.251
86841.311
86846.843
86857.903
86863.434
86918.740
86929.801
86940.862
86946.398
86957.456
86962.984
86974.047
86979.576
87040.414
87051.476
87062.536
87068.066
87073.596
87084.660
87095.720
87101.249
87151.024
87162.085
87167.616
87178.678
87184.208
87195.269
87200.799
87211.863
87272.697
87278.228
87289.290
87300.354
87311.412
87316.943
87322.473
87333.554
87339.064
87399.901
87405.431
87410.963
87422.024
87433.085
87449.676
87471.799
87482.860
87565.819
87615.595
87621.124
87626.655
87637.718
87648.779
87665.371
87670.900
87681.962
87731.736
87742.797
87753.861
87759.390
87770.465
87781.511
87787.044
87792.573
87842.348
87847.879
87858.941
87864.471
87875.532
87886.593
87897.657
87903.185
87947.429
87952.960
87958.491
87964.022
87975.084
87986.145
87991.675
88002.735
88008.266
88058.041
88063.573
88074.632
88080.163
88091.224
88096.755
88107.816
88113.347
88157.591
88163.122
88174.183
88179.714
88190.776
88196.306
88207.366
88212.897
88262.673
88273.735
88290.328
88295.856
88306.919
88312.448
88323.509
88329.039
88373.284
88395.419
88400.938
88406.469
88417.530
88428.590
88434.121
88445.182
88450.713
88506.018
88511.549
88517.081
88528.142
88533.672
88539.202
88550.264
88600.039
88611.100
88616.630
88627.692
88633.222
88649.843
88655.346
88666.406
88671.937
88716.181
88727.244
88743.837
88749.365
88760.427
88765.956
88771.487
88782.549
88821.266
88832.324
88837.855
88843.385
88854.448
88859.977
88871.038
88882.100
88931.875
88937.404
88948.467
88953.997
88965.057
88970.588
88981.651
88987.180
88998.242
89064.608
89075.671
89081.200
89092.262
89103.323
89108.854
89125.446
89136.506
89197.343
89202.873
89213.936
89219.466
89230.526
89241.591
89247.118
89258.179
89313.486
89319.016
89330.077
89341.138
89346.668
89357.730
89363.260
89374.322
89435.158
89440.688
89451.750
89462.811
89468.341
89479.402
89484.933
89495.995
89501.525
89562.361
89567.892
89578.955
89584.503
89595.546
89601.075
89612.136
89617.667
89678.504
89684.035
89689.565
89700.639
89706.156
89717.219
89722.748
89733.809
89783.586
89789.116
89800.177
89805.707
89816.769
89822.299
89833.361
89844.423
89849.953
89910.789
89921.851
89932.914
89938.441
89949.503
89955.033
89960.564
89971.628
90026.933
90037.993
90043.522
90054.584
90060.116
90071.178
90076.707
90087.770
90143.074
90154.136
90159.665
90165.196
90176.258
90187.318
90192.849
90203.909
90209.440
90264.747
90275.807
90286.869
90297.930
90308.991
90314.522
90320.052
90331.114
90397.480
90408.541
90414.072
90419.603
90425.134
90436.197
90447.257
90452.788
90513.632
90519.154
90530.217
90541.282
90546.807
90557.869
90563.398
90574.459
90629.765
90635.296
90640.827
90651.887
90662.948
90668.479
90679.541
90690.603
90701.665
90756.969
90768.031
90779.094
90784.622
90790.152
90801.215
90812.275
90817.805
90873.111
90878.643
90889.703
90900.791
90906.295
90917.355
90922.888
90933.949
90994.784
91005.845
91022.439
91033.501
91055.621
91066.682
91077.745
91088.804
91094.335
91149.640
91155.171
91160.702
91171.763
91177.293
91199.417
91204.950
91216.008
91271.314
91282.376
91293.436
91304.498
91310.028
91315.560
91326.620
91332.150
91392.987
91398.517
91409.580
91415.109
91426.172
91431.700
91437.232
91448.294
91459.354
91514.659
91525.721
91531.254
91542.312
91547.843
91558.904
91564.435
91575.496
91630.801
91641.865
91647.394
91658.454
91663.986
91675.049
91680.577
91697.170
91752.476
91758.005
91769.068
91780.129
91785.659
91796.720
91802.250
91813.311
91818.841
91874.148
91885.209
91890.739
91901.800
91907.331
91918.392
91923.924
91940.517
92006.882
92012.413
92023.474
92029.004
92045.597
92056.658
92062.188
92073.249
92156.208
92161.739
92172.800
92178.330
92189.392
92194.922
92200.453
92211.515
92222.576
92261.289
92272.351
92277.882
92283.412
92300.005
92305.534
92311.065
92322.126
92360.840
92371.901
92377.431
92388.509
92394.023
92405.084
92410.614
92421.676
92465.921
92476.982
92482.512
92493.573
92499.104
92510.165
92515.696
92526.757
92532.287
92587.595
92598.656
92604.185
92609.716
92620.778
92631.842
92637.369
92648.431
92692.676
92698.206
92703.736
92714.800
92720.328
92731.389
92736.920
92747.981
92786.695
92797.759
92808.818
92814.348
92825.409
92830.940
92836.470
92847.532
92886.247
92897.315
92902.839
92913.900
92919.430
92930.491
92941.551
92952.614
92963.674
93007.918
93013.448
93024.520
93030.041
93035.571
93046.633
93052.164
93063.225
93107.469
93112.999
93118.530
93129.592
93140.653
93146.183
93151.733
93162.776
93201.489
93212.553
93218.081
93229.143
93234.675
93245.734
93251.265
93262.326
93267.856
93306.571
93317.632
93328.693
93334.223
93345.284
93350.815
93361.876
93367.407
93383.999
93395.061
93406.124
93417.182
93428.243
93433.774
93444.835
93450.366
93511.202
93516.733
93527.793
93533.324
93544.387
93549.916
93560.977
93566.507
93627.346
93632.874
93643.937
93649.467
93660.528
93666.060
93671.589
93682.652
93688.181
93749.017
93754.548
93765.609
93776.670
93782.201
93787.731
93798.792
93809.856
93865.160
93876.221
93881.751
93892.813
93909.406
93914.935
93925.996
93931.527
93992.363
93997.894
94008.958
94014.485
94025.550
94031.077
94042.142
94047.669
94102.975
94114.036
94125.099
94130.629
94136.162
94147.219
94158.281
94169.343
94180.403
94241.241
94252.302
94257.832
94263.362
94274.424
94279.954
94291.017
94302.079
94357.382
94368.444
94373.974
94385.038
94390.566
94401.629
94407.158
94423.749
94484.586
94495.648
94501.178
94506.709
94528.833
94539.893
94550.953
94567.563
94617.320
94622.852
94628.381
94644.973
94656.034
94661.565
94667.096
94678.156
94689.218
94727.932
94755.585
94761.115
94772.176
94783.238
94788.768
94794.300
94810.893
94866.197
94877.258
94882.788
94893.850
94899.381
94910.442
94915.972
94921.502
94976.808
94982.341
94993.401
94998.932
95009.992
95015.522
95026.584
95032.114
95043.181
95098.481
95104.012
95115.073
95120.603
95131.666
95137.195
95142.726
95159.320
95220.154
95225.685
95236.748
95247.809
95253.338
95258.868
95269.930
95275.470
95330.766
95341.827
95347.359
95358.418
95363.950
95380.543
95391.603
95397.133
95408.196
95463.500
95474.561
95480.092
95491.155
95496.684
95507.745
95513.275
95518.806
95574.112
95579.643
95590.705
95596.234
95607.295
95612.826
95623.887
95629.418
95690.254
95695.785
95706.846
95712.376
95717.907
95728.968
95740.031
95745.560
95806.397
95811.927
95828.522
95834.050
95845.112
95850.641
95856.172
95867.234
95878.295
95933.600
95944.661
95950.192
95955.723
95966.784
95972.314
95983.376
95994.438
96049.743
96055.273
96066.336
96077.398
96082.926
96099.518
96110.578
96116.110
96171.416
96182.476
96193.537
96199.068
96210.129
96215.660
96232.252
96237.782
96254.376
96315.214
96320.741
96326.272
96337.334
96348.396
96359.456
96364.987
96370.517
96420.292
96436.883
96447.945
96453.475
96464.557
96470.068
96481.128
96486.660
96547.496
96558.558
96569.619
96575.149
96586.212
96597.272
96602.802
96608.332
96713.413
96768.722
96774.250
96785.313
96790.842
96801.904
96807.433
96818.495
96824.025
96868.270
96873.800
96884.863
96895.940
96901.453
96906.984
96918.047
96923.576
96973.352
96984.413
96989.944
97001.008
97012.065
97017.596
97023.127
97034.191
97039.718
97089.494
97095.024
97106.085
97111.616
97122.678
97128.207
97139.269
97144.800
97189.044
97200.106
97205.636
97216.697
97222.227
97227.758
97238.820
97249.882
97299.656
97305.187
97316.248
97321.779
97327.309
97338.371
97349.433
97360.493
97366.023
97404.738
97415.799
97421.329
97432.391
97437.920
97448.982
97454.512
97465.574
97504.287
97520.879
97526.411
97531.941
97543.001
97554.063
97559.593
97570.654
97625.962
97637.021
97642.552
97648.083
97653.634
97659.144
97675.738
97681.267
97742.104
97747.634
97758.696
97764.225
97775.286
97780.837
97791.879
97797.409
97808.469
97858.245
97863.775
97874.837
97880.367
97885.898
97896.959
97908.047
97913.552
97979.918
97985.449
97990.980
98002.041
98013.104
98024.173
98029.694
98035.224
98090.530
98101.593
98112.652
98118.184
98123.714
98134.775
98140.305
98151.368
98156.897
98217.734
98223.264
98234.327
98239.856
98250.917
98261.981
98267.510
98284.101
98339.408
98350.471
98361.530
98367.061
98378.121
98389.182
98394.712
98400.244
98461.080
98466.611
98472.151
98483.202
98494.265
98499.793
98505.325
98521.918
98527.448
98582.752
98588.285
98599.346
98610.407
98615.936
98626.998
98632.528
98643.590
98687.834
98698.895
98709.957
98715.504
98726.551
98737.609
98748.671
98759.734
98815.037
98826.098
98831.630
98848.223
98853.752
98864.812
98870.345
98875.874
98886.936
98947.773
98958.832
98964.364
98969.915
98980.955
98986.486
98997.546
99003.077
99063.914
99069.445
99074.975
99086.037
99102.631
99113.690
99119.220
99130.282
99185.589
99196.648
99202.178
99213.257
99224.301
99229.832
99235.362
99246.424
99301.729
99312.790
99318.321
99329.382
99334.912
99351.505
99357.036
99368.097
99373.627
99428.934
99434.464
99439.994
99451.055
99456.586
99467.647
99473.182
99484.238
99545.075
99556.136
99561.667
99572.729
99578.258
99589.319
99594.850
99611.443
99672.279
99683.342
99694.402
99705.465
99710.992
99722.056
99727.585
99738.646
99793.952
99805.022
99810.545
99816.075
99827.137
99838.196
99843.727
99849.258
99854.788
99915.625
99926.688
99932.216
99943.279
99954.341
99959.869
99976.461
99993.053
100059.420
100064.950
100070.481
100081.543
100092.604
100098.134
100103.665
100114.727
100170.031
100175.562
100181.093
100192.154
100197.685
100208.746
100214.276
100219.806
100230.868
100280.645
100297.237
100308.297
100313.827
100319.358
100330.419
100341.480
100352.542
100407.847
100418.908
100429.969
100435.499
100441.031
100452.094
100463.153
100468.684
100518.458
100535.052
100540.581
100557.174
100568.234
100573.765
100579.296
100590.356
100640.131
100651.192
100662.254
100667.784
100673.317
100684.376
100689.907
100700.969
100712.029
100828.173
100844.765
100855.825
100861.356
100877.949
100883.478
100894.539
100900.070
100955.377
100966.461
100977.497
100983.028
100988.559
100999.621
101010.681
101016.212
101021.742
101082.578
101088.109
101099.171
101104.701
101115.762
101121.293
101137.886
101143.418
101204.252
101209.782
101215.313
101226.377
101237.437
101242.966
101254.029
101259.557
101314.866
101325.926
101336.987
101342.517
101348.047
101359.109
101364.639
101375.700
101436.536
101442.067
101453.128
101458.659
101469.723
101480.783
101486.313
101497.373
101508.434
101569.271
101574.802
101585.863
101596.924
101602.454
101607.985
101619.046
101624.576
101679.888
101690.944
101696.474
101702.005
101713.066
101718.597
101729.659
101735.192
101790.494
101796.030
101801.558
101812.617
101818.148
101829.209
101834.738
101845.800
101851.330
101906.637
101917.697
101923.228
101945.350
101961.942
101967.473
101973.003
101984.066
102044.901
102055.963
102061.493
102067.025
102078.086
102083.619
102094.676
102100.207
102161.047
102172.107
102177.638
102188.697
102194.228
102210.820
102221.881
102227.411
102282.737
102293.778
102299.309
102310.372
102315.900
102321.432
102338.024
102349.085
102398.861
102409.944
102415.452
102426.514
102432.042
102437.574
102448.634
102459.696
102515.002
102526.064
102531.593
102542.655
102548.185
102559.246
102564.777
102570.307
102575.838
102631.145
102636.674
102647.736
102653.267
102664.328
102669.858
102680.919
102686.449
102736.225
102752.817
102758.348
102769.408
102774.940
102786.000
102791.530
102802.592
102857.900
102868.960
102874.491
102885.552
102891.082
102902.142
102907.673
102918.736
102924.265
102985.101
103007.227
103012.757
103023.817
103029.346
103040.410
103045.938
103056.999
103112.305
103123.367
103128.897
103139.959
103151.019
103156.550
103162.080
103173.142
103233.979
103245.040
103256.101
103261.632
103272.694
103278.223
103289.285
103294.814
103355.651
103361.182
103372.243
103377.774
103383.305
103394.366
103405.426
103410.957
103422.019
103488.385
103493.916
103504.978
103510.509
103521.569
103527.099
103587.938
103593.472
103604.529
103615.589
103621.119
103626.650
103637.711
103643.259
103659.834
103715.140
103726.201
103737.261
103742.792
103748.323
103759.387
103770.446
103775.977
103836.812
103842.343
103853.405
103858.935
103869.996
103875.526
103886.588
103892.124
103952.954
103969.547
103975.077
103986.138
103991.669
104002.731
104008.260
104019.322
104024.855
104207.362
104356.688
104367.749
104373.280
104378.810
104389.873
104400.942
104406.469
104411.994
104423.055
104472.830
104478.361
104489.423
104494.953
104511.546
104522.605
104528.136
104533.688
104577.911
104594.503
104605.564
104611.094
104622.157
104627.686
104671.931
104682.998
104699.587
104705.115
104716.177
104721.706
104732.769
104743.828
104788.074
104793.604
104810.198
104815.727
104826.788
104832.318
104843.382
104848.911
104859.973
104898.685
104915.278
104920.822
104931.870
104937.400
104948.461
104953.991
104965.052
105003.767
105020.359
105025.890
105031.420
105042.481
105053.543
105059.073
105064.603
105103.320
105119.909
105125.439
105130.970
105142.032
105153.093
105158.623
105169.685
105191.807
105197.338
105208.399
105219.460
105224.990
105236.052
105241.582
105247.113
105307.949
105313.480
105324.541
105330.072
105341.133
105357.726
105363.256
105374.317
105379.847
105429.622
105440.684
105451.744
105462.805
105473.866
105479.397
105484.929
105495.989
105556.825
105562.357
105573.417
105578.949
105590.009
105595.550
105606.602
105612.131
105672.968
105678.498
105689.562
105695.090
105706.151
105711.682
105722.768
105728.277
105789.110
105794.640
105805.702
105811.233
105822.294
105827.824
105833.355
105844.416
105861.010
105916.314
105927.375
105932.906
105938.437
105943.967
105960.559
105966.089
105977.152
106032.459
106043.518
106049.050
106060.110
106065.642
106076.702
106082.231
106093.293
106154.130
106165.191
106170.721
106181.783
106187.314
106192.845
106209.436
106214.966
106270.271
106281.334
106292.394
106303.455
106314.516
106320.046
106331.108
106336.639
106347.701
106414.067
106419.597
106425.129
106436.189
106441.721
106452.782
106458.311
106469.373
106524.678
106535.742
106541.270
106552.332
106557.862
106568.924
106574.454
106585.516
106651.882
106657.413
106662.944
106674.007
106685.066
106690.596
106696.127
106707.190
106718.251
106779.086
106790.148
106801.211
106806.739
106817.801
106823.331
106834.392
106839.923
106895.235
106900.759
106911.838
106917.351
106928.413
106939.474
106945.003
106950.534
107005.840
107011.370
107022.432
107027.962
107039.024
107044.556
107055.617
107061.146
107072.207
107144.105
107149.636
107155.166
107166.228
107171.758
107182.820
107193.882
107199.411
107260.247
107265.778
107271.308
107282.370
107298.963
107304.492
107321.085
107332.146
107387.452
107398.513
107409.574
107415.103
107426.167
107437.226
107448.287
107453.818
107464.880
107525.716
107536.778
107547.838
107553.371
107564.430
107569.961
107581.022
107586.552
107636.328
107647.389
107652.925
107658.450
107669.511
107680.572
107686.103
107691.633
107746.939
107763.539
107769.061
107780.122
107785.653
107802.247
107807.776
107818.839
107824.367
107885.205
107890.734
107901.796
107907.326
107912.856
107923.919
107934.980
107940.510
107995.815
108006.876
108017.938
108023.469
108034.530
108040.061
108056.654
108062.183
108123.019
108128.550
108145.142
108156.204
108161.734
108172.795
108178.325
108189.386
108244.692
108255.753
108261.285
108266.814
108277.877
108288.938
108294.467
108305.531
108316.591
108366.365
108371.895
108377.427
108388.489
108394.018
108405.080
108410.609
108421.670
108543.343
108604.181
108615.242
108620.773
108631.836
108637.364
108648.425
108665.018
108676.079
108720.323
108731.384
108742.448
108753.507
108759.037
108770.100
108775.629
108786.691
108830.934
108836.465
108841.997
108853.058
108858.588
108864.117
108875.180
108886.242
108924.954
108936.015
108941.546
108947.077
108958.138
108963.669
108974.729
108996.854
109002.384
109052.158
109057.689
109068.751
109085.344
109096.403
109107.465
109112.994
109124.056
109157.239
109173.832
109201.483
109218.084
109234.667
109245.731
109251.259
109262.322
109301.035
109317.627
109334.220
109339.750
109350.810
109356.341
109361.871
109372.934
109417.181
109428.239
109433.768
109444.839
109450.360
109461.422
109466.952
109472.483
109483.544
109522.258
109533.328
109538.850
109549.911
109555.442
109560.973
109572.036
109583.096
109638.401
109643.931
109654.994
109666.055
109671.584
109682.645
109688.175
109699.236
109749.013
109760.074
109771.135
109776.665
109787.727
109793.257
109798.788
109809.850
109843.034
109859.626
109870.686
109876.215
109887.277
109892.807
109898.338
109909.399
109920.464
109975.767
109986.828
109992.358
109997.889
110020.011
110025.542
110031.074
110042.135
110091.909
110102.970
110114.031
110125.093
110136.153
110141.684
110152.745
110158.275
110219.113
110230.173
110241.235
110246.765
110257.828
110263.357
110279.949
110291.010
110351.865
110362.909
110368.438
110373.969
110385.030
110390.561
110401.624
110412.684
110467.989
110479.051
110484.582
110495.642
110501.173
110506.703
110517.766
110528.826
110539.886
110589.662
110600.723
110611.785
110617.314
110628.375
110633.906
110644.967
110650.499
110705.805
110716.866
110727.926
110733.457
110744.519
110750.049
110761.111
110766.641
110827.477
110833.007
110849.602
110855.130
110866.192
110877.255
110882.784
110893.846
110899.374
110965.742
110971.273
110982.334
110987.865
110998.925
111004.458
111015.517
111032.138
111087.415
111092.945
111104.008
111115.070
111120.599
111131.660
111137.191
111148.252
111209.087
111225.680
111236.740
111242.271
111253.332
111258.863
111275.456
111280.986
111292.047
111347.354
111352.884
111363.947
111375.006
111380.537
111391.597
111397.128
111408.189
111474.556
111480.087
111485.617
111496.679
111502.209
111513.270
111518.802
111529.865
111585.168
111596.230
111601.760
111612.824
111618.352
111629.414
111634.943
111640.474
111651.537
111706.842
111717.903
111723.434
111734.495
111740.025
111751.086
111756.616
111767.678
111828.514
111839.575
111845.106
111850.638
111861.701
111867.228
111878.289
111883.820
111944.659
111955.718
111961.249
111966.779
111977.840
111983.371
111994.433
111999.962
112011.024
112066.329
112077.391
112082.920
112093.983
112099.514
112110.576
112116.106
112171.410
112182.472
112188.002
112199.088
112210.126
112221.186
112226.717
112232.247
112243.310
112298.614
112309.676
112315.206
112320.736
112331.799
112337.328
112348.390
112359.453
112414.757
112420.287
112431.349
112442.412
112453.471
112459.001
112470.062
112475.612
112530.900
112541.961
112547.491
112553.022
112564.083
112575.144
112580.674
112591.736
112647.042
112658.103
112663.634
112669.163
112680.227
112691.288
112696.817
112707.878
112713.408
112774.247
112785.306
112790.837
112796.367
112807.428
112812.958
112818.490
112829.551
112884.857
112895.919
112901.448
112912.512
112923.570
112929.101
112940.164
112945.694
113000.999
113012.061
113017.591
113028.653
113045.245
113056.307
113061.836
113067.366
113117.143
113161.385
113166.916
113177.978
113189.039
113194.570
113205.631
113211.162
113222.222
113277.529
113283.059
113294.121
113299.650
113310.713
113316.242
113327.303
113338.366
113393.670
113404.732
113415.794
113421.324
113426.854
113443.448
113454.508
113460.038
113520.876
113526.406
113537.469
113542.997
113554.058
113559.588
113570.650
113576.180
113581.711
113637.016
113653.611
113664.687
113670.201
113675.731
113686.794
113692.323
113703.384
113758.690
113769.753
113780.812
113786.342
113791.892
113802.934
113808.465
113813.996
113874.832
113885.894
113891.424
113896.954
113908.016
113913.546
113924.608
113935.671
113941.199
113996.506
114007.567
114018.627
114024.158
114035.228
114040.749
114051.812
114112.648
114123.710
114129.239
114140.301
114145.831
114151.361
114156.893
114162.422
114173.485
114239.851
114245.381
114256.443
114261.974
114273.036
114278.567
114289.626
114295.157
114344.932
114355.997
114361.526
114378.116
114389.179
114394.707
114405.769
114411.299
114466.605
114477.666
114488.727
114494.258
114505.320
114510.849
114527.443
114538.503
114599.339
114610.401
114615.931
114626.993
114632.523
114643.584
114649.115
114660.176
114665.706
114715.481
114732.075
114743.135
114748.666
114759.726
114765.258
114770.787
114781.850
114837.154
114848.216
114853.774
114864.809
114870.339
114881.401
114892.465
114903.524
114964.359
114969.888
114975.420
114986.480
115003.073
115008.603
115019.663
115025.195
115036.257
115091.561
115097.092
115108.154
115124.747
115130.276
115135.807
115146.869
115152.398
115213.235
115218.766
115229.826
115235.358
115251.949
115257.479
115268.540
115279.601
115334.907
115351.500
115362.560
115368.091
115379.155
115384.684
115395.745
115401.274
115412.340
115473.173
115484.235
115489.764
115500.827
115506.356
115517.419
115522.947
115534.010
115589.315
115600.376
115605.906
115611.437
115622.499
115633.560
115639.090
115650.151
115705.458
115716.519
115733.110
115738.640
115749.702
115755.233
115760.763
115771.825
115782.885
115838.192
115843.722
115854.784
115865.844
115871.384
115882.437
115887.966
115899.028
115954.335
115965.397
115976.457
115981.987
115987.518
115998.579
116004.110
116015.170
116070.476
116076.006
116087.068
116092.599
116103.660
116109.190
116120.252
116131.313
116192.149
116197.679
116203.211
116214.272
116219.803
116230.863
116236.395
116247.458
116252.986
116308.291
116319.353
116324.883
116335.945
116341.475
116352.537
116363.598
116380.191
116435.495
116441.026
116452.086
116457.618
116468.679
116479.740
116490.801
116496.331
116529.515
116706.495
116712.024
116728.617
116734.146
116745.207
116750.738
116761.800
116772.860
116783.922
116844.758
116850.290
116861.350
116866.881
116872.411
116883.474
116889.003
116900.064
116944.310
116949.839
116955.371
116966.433
116983.024
116988.553
116999.615
117005.145
117060.451
117071.513
117088.104
117099.165
117104.715
117115.757
117121.288
117132.351
117176.594
117187.655
117198.716
117204.247
117215.309
117220.840
117231.935
117237.430
117248.491
117287.207
117298.267
117303.800
117314.859
117320.390
117331.450
117336.982
117348.042
117392.287
117403.348
117414.410
117419.939
117431.001
117442.062
117453.124
117469.716
117513.959
117519.490
117530.551
117536.082
117541.612
117552.675
117558.204
117563.734
117574.796
117619.041
117624.571
117630.103
117641.164
117652.226
117657.755
117668.816
117674.347
117718.593
117735.183
117740.716
117751.777
117757.307
117773.899
117784.958
117790.490
117840.264
117845.795
117856.858
117867.918
117873.448
117884.510
117890.041
117901.102
117906.631
117956.407
117967.469
117972.998
117984.059
117989.590
118000.652
118006.182
118022.776
118044.896
118055.957
118067.018
118072.550
118083.610
118089.141
118094.672
118105.733
118166.586
118177.631
118188.692
118194.222
118205.283
118210.814
118216.345
118227.408
118288.242
118293.793
118304.837
118310.364
118315.895
118326.956
118338.017
118343.548
118354.610
118404.384
118415.445
118420.998
118437.568
118443.098
118454.160
118459.690
118470.754
118526.058
118542.649
118553.712
118570.302
118581.363
118592.425
118603.487
118609.017
118675.383
118680.914
118691.976
118697.507
118703.037
118714.100
118725.160
118736.221
118791.526
118797.056
118808.121
118819.179
118824.711
118830.240
118841.303
118846.832
118907.668
118913.199
118924.261
118929.790
118935.322
118946.384
118951.913
118962.974
118974.036
119034.872
119040.403
119045.934
119051.464
119062.526
119068.056
119079.117
119090.179
119139.955
119151.014
119162.076
119173.138
119178.667
119189.728
119195.260
119206.320
119267.156
119272.688
119289.280
119294.810
119300.340
119311.404
119316.934
119327.993
119333.524
119383.299
119399.892
119410.952
119416.482
119427.544
119433.074
119444.135
119449.666
119510.502
119521.564
119527.094
119538.155
119543.687
119549.217
119560.278
119571.341
119626.646
119632.176
119643.238
119654.300
119659.829
119670.891
119676.421
119681.951
119742.788
119748.319
119759.379
119764.910
119775.971
119781.502
119787.032
119798.094
119858.931
119864.460
119875.523
119881.052
119886.583
119897.644
119903.175
119914.236
119925.296
119980.602
119986.133
119991.666
120002.724
120019.316
120030.377
120035.908
120046.970
120096.746
120107.806
120118.867
120124.398
120135.459
120140.990
120152.051
120157.581
120223.950
120235.010
120240.540
120246.071
120257.135
120262.663
120273.725
120279.254
120284.785
120334.560
120345.624
120356.684
120362.214
120373.274
120378.806
120389.866
120395.396
120450.702
120461.764
120472.825
120478.356
120489.417
120494.947
120500.478
120511.541
120572.375
120577.906
120594.500
120600.029
120611.092
120616.620
120627.685
120633.212
120694.049
120699.579
120710.641
120716.171
120727.233
120732.763
120743.825
120749.354
120754.885
120815.722
120821.252
120832.314
120843.374
120848.905
120859.966
120865.497
120871.027
120926.335
120948.456
120959.518
120965.048
120976.108
120981.640
120987.171
120998.231
121053.536
121064.600
121070.129
121081.191
121086.720
121092.251
121103.314
121114.377
121169.679
121180.742
121191.803
121197.332
121202.863
121213.924
121219.455
121224.987
121280.291
121285.822
121296.882
121302.413
121313.474
121319.005
121324.536
121335.601
121352.189
121424.086
121429.617
121440.680
121457.273
121468.333
121473.862
121484.924
121490.454
121534.700
121540.230
121545.759
121556.820
121567.882
121573.413
121590.003
121606.604
121656.371
121661.903
121672.965
121678.493
121684.025
121695.085
121706.146
121711.677
121722.739
121761.453
121766.982
121783.575
121800.169
121805.697
121816.759
121822.289
121827.819
121872.064
121883.125
121905.248
121916.308
121927.371
121938.431
121955.025
121960.555
122010.329
122015.860
122026.921
122037.985
122049.043
122054.575
122060.104
122071.165
122076.696
122120.942
122132.004
122137.533
122148.596
122159.655
122165.186
122170.716
122176.246
122220.491
122226.023
122237.082
122242.614
122253.675
122259.205
122270.266
122275.797
